1 1.5403 1.5403
1.01 -4.29659 1.54992
1.02 -9.84452 1.55954
1.03 -15.1124 1.56915
1.04 -20.1089 1.57877
1.05 -24.8426 1.58839
1.06 -29.3217 1.59801
1.07 -33.5543 1.60763
1.08 -37.5485 1.61725
1.09 -41.3118 1.62687
1.1 -44.8519 1.63649
1.11 -48.1762 1.64611
1.12 -51.2919 1.65573
1.13 -54.206 1.66535
1.14 -56.9253 1.67497
1.15 -59.4566 1.6846
1.16 -61.8065 1.69422
1.17 -63.9813 1.70385
1.18 -65.9872 1.71348
1.19 -67.8303 1.7231
1.2 -69.5165 1.73273
1.21 -71.0516 1.74236
1.22 -72.4413 1.752
1.23 -73.691 1.76163
1.24 -74.806 1.77126
1.25 -75.7916 1.7809
1.26 -76.6529 1.79054
1.27 -77.3947 1.80018
1.28 -78.0219 1.80982
1.29 -78.5393 1.81946
1.3 -78.9512 1.82911
1.31 -79.2623 1.83875
1.32 -79.4768 1.8484
1.33 -79.5988 1.85805
1.34 -79.6326 1.86771
1.35 -79.582 1.87736
1.36 -79.451 1.88702
1.37 -79.2433 1.89668
1.38 -78.9625 1.90634
1.39 -78.6122 1.916
1.4 -78.1958 1.92567
1.41 -77.7166 1.93534
1.42 -77.178 1.94501
1.43 -76.5831 1.95468
1.44 -75.9349 1.96436
1.45 -75.2363 1.97404
1.46 -74.4903 1.98372
1.47 -73.6997 1.99341
1.48 -72.8671 2.0031
1.49 -71.9952 2.01279
1.5 -71.0864 2.02248
1.51 -70.1433 2.03218
1.52 -69.1682 2.04188
1.53 -68.1635 2.05159
1.54 -67.1312 2.0613
1.55 -66.0737 2.07101
1.56 -64.9929 2.08072
1.57 -63.8909 2.09044
1.58 -62.7695 2.10016
1.59 -61.6307 2.10989
1.6 -60.4763 2.11962
1.61 -59.308 2.12935
1.62 -58.1275 2.13909
1.63 -56.9363 2.14883
1.64 -55.7361 2.15857
1.65 -54.5284 2.16832
1.66 -53.3145 2.17807
1.67 -52.0959 2.18783
1.68 -50.8738 2.19759
1.69 -49.6496 2.20736
1.7 -48.4245 2.21713
1.71 -47.1997 2.2269
1.72 -45.9762 2.23668
1.73 -44.7551 2.24646
1.74 -43.5376 2.25625
1.75 -42.3245 2.26604
1.76 -41.1168 2.27584
1.77 -39.9154 2.28564
1.78 -38.7211 2.29545
1.79 -37.5348 2.30526
1.8 -36.3573 2.31508
1.81 -35.1891 2.3249
1.82 -34.0312 2.33473
1.83 -32.884 2.34456
1.84 -31.7483 2.3544
1.85 -30.6246 2.36424
1.86 -29.5135 2.37409
1.87 -28.4155 2.38394
1.88 -27.331 2.3938
1.89 -26.2606 2.40367
1.9 -25.2047 2.41354
1.91 -24.1636 2.42341
1.92 -23.1378 2.43329
1.93 -22.1275 2.44318
1.94 -21.1332 2.45308
1.95 -20.155 2.46298
1.96 -19.1933 2.47288
1.97 -18.2483 2.48279
1.98 -17.3202 2.49271
1.99 -16.4092 2.50263
2 -15.5154 2.51256
2.01 -14.6391 2.5225
2.02 -13.7804 2.53244
2.03 -12.9393 2.54239
2.04 -12.1161 2.55235
2.05 -11.3106 2.56231
2.06 -10.523 2.57228
2.07 -9.7534 2.58225
2.08 -9.00173 2.59224
2.09 -8.26802 2.60223
2.1 -7.55226 2.61222
2.11 -6.85444 2.62222
2.12 -6.1745 2.63223
2.13 -5.51241 2.64225
2.14 -4.86809 2.65228
2.15 -4.24147 2.66231
2.16 -3.63247 2.67235
2.17 -3.04097 2.68239
2.18 -2.46687 2.69245
2.19 -1.91004 2.70251
2.2 -1.37036 2.71258
2.21 -0.847689 2.72265
2.22 -0.341865 2.73273
2.23 0.147265 2.74283
2.24 0.61987 2.75293
2.25 1.07612 2.76303
2.26 1.51621 2.77315
2.27 1.94032 2.78327
2.28 2.34865 2.7934
2.29 2.74139 2.80354
2.3 3.11877 2.81369
2.31 3.48099 2.82384
2.32 3.82826 2.83399
2.33 4.16083 2.84413
2.34 4.47891 2.85427
2.35 4.78273 2.86439
2.36 5.07253 2.87449
2.37 5.34856 2.88457
2.38 5.61105 2.89463
2.39 5.86024 2.90464
2.4 6.0964 2.91463
2.41 6.31976 2.92457
2.42 6.53058 2.93446
2.43 6.72912 2.9443
2.44 6.91563 2.95409
2.45 7.09037 2.96382
2.46 7.2536 2.97348
2.47 7.40557 2.98307
2.48 7.54655 2.99259
2.49 7.67679 3.00202
2.5 7.79657 3.01138
2.51 7.90613 3.02065
2.52 8.00574 3.02982
2.53 8.09566 3.0389
2.54 8.17615 3.04787
2.55 8.24747 3.05674
2.56 8.30987 3.0655
2.57 8.36362 3.07414
2.58 8.40896 3.08266
2.59 8.44616 3.09106
2.6 8.47547 3.09933
2.61 8.49714 3.10746
2.62 8.51141 3.11545
2.63 8.51854 3.1233
2.64 8.51877 3.13101
2.65 8.51234 3.13855
2.66 8.49951 3.14595
2.67 8.48049 3.15318
2.68 8.45555 3.16024
2.69 8.42489 3.16713
2.7 8.38877 3.17385
2.71 8.3474 3.18039
2.72 8.30102 3.18674
2.73 8.24984 3.1929
2.74 8.19409 3.19886
2.75 8.13399 3.20463
2.76 8.06974 3.2102
2.77 8.00156 3.21555
2.78 7.92965 3.2207
2.79 7.85423 3.22562
2.8 7.77549 3.23033
2.81 7.69363 3.23481
2.82 7.60884 3.23905
2.83 7.52131 3.24306
2.84 7.43124 3.24683
2.85 7.33881 3.25036
2.86 7.24419 3.25363
2.87 7.14756 3.25665
2.88 7.0491 3.25942
2.89 6.94898 3.26191
2.9 6.84736 3.26414
2.91 6.7444 3.2661
2.92 6.64026 3.26778
2.93 6.5351 3.26918
2.94 6.42907 3.27029
2.95 6.32232 3.27111
2.96 6.21498 3.27163
2.97 6.10721 3.27186
2.98 5.99913 3.27178
2.99 5.89088 3.27139
3 5.78258 3.27068
3.01 5.67437 3.26966
3.02 5.56637 3.26831
3.03 5.45869 3.26663
3.04 5.35144 3.26462
3.05 5.24474 3.26227
3.06 5.1387 3.25959
3.07 5.03342 3.25655
3.08 4.92899 3.25316
3.09 4.82552 3.24942
3.1 4.7231 3.24532
3.11 4.62182 3.24085
3.12 4.52176 3.23601
3.13 4.42301 3.2308
3.14 4.32564 3.2252
3.15 4.22973 3.21923
3.16 4.13536 3.21287
3.17 4.04259 3.20611
3.18 3.95149 3.19895
3.19 3.86213 3.1914
3.2 3.77455 3.18344
3.21 3.68883 3.17506
3.22 3.605 3.16627
3.23 3.52313 3.15706
3.24 3.44325 3.14742
3.25 3.36542 3.13736
3.26 3.28967 3.12686
3.27 3.21605 3.11592
3.28 3.14459 3.10453
3.29 3.07532 3.0927
3.3 3.00827 3.08043
3.31 2.94346 3.06776
3.32 2.88094 3.05472
3.33 2.82071 3.04136
3.34 2.76279 3.0277
3.35 2.70721 3.01379
3.36 2.65397 2.99966
3.37 2.60309 2.98535
3.38 2.55458 2.9709
3.39 2.50845 2.95635
3.4 2.4647 2.94172
3.41 2.42334 2.92707
3.42 2.38436 2.91242
3.43 2.34776 2.89781
3.44 2.31355 2.88329
3.45 2.28171 2.86888
3.46 2.25223 2.85463
3.47 2.22512 2.84058
3.48 2.20035 2.82675
3.49 2.17792 2.81318
3.5 2.15781 2.79993
3.51 2.14 2.78701
3.52 2.12448 2.77447
3.53 2.11123 2.76235
3.54 2.10021 2.75068
3.55 2.09142 2.7395
3.56 2.08483 2.72884
3.57 2.08041 2.71876
3.58 2.07814 2.70927
3.59 2.07798 2.70042
3.6 2.07991 2.69225
3.61 2.0839 2.68479
3.62 2.08991 2.67808
3.63 2.09791 2.67216
3.64 2.10788 2.66706
3.65 2.11976 2.66283
3.66 2.13353 2.65949
3.67 2.14916 2.65709
3.68 2.16659 2.65567
3.69 2.1858 2.65525
3.7 2.20674 2.65589
3.71 2.22938 2.65761
3.72 2.25367 2.66045
3.73 2.27957 2.66445
3.74 2.30705 2.66965
3.75 2.33605 2.67608
3.76 2.36653 2.68378
3.77 2.39846 2.69279
3.78 2.43178 2.70315
3.79 2.46645 2.71489
3.8 2.50244 2.72805
3.81 2.53968 2.74266
3.82 2.57814 2.75878
3.83 2.61778 2.77642
3.84 2.65853 2.79563
3.85 2.70037 2.81645
3.86 2.74324 2.83891
3.87 2.7871 2.86305
3.88 2.8319 2.88891
3.89 2.8776 2.91652
3.9 2.92415 2.94593
3.91 2.97149 2.97716
3.92 3.0196 3.01026
3.93 3.06842 3.04519
3.94 3.1179 3.08188
3.95 3.168 3.12026
3.96 3.21868 3.16026
3.97 3.26988 3.20179
3.98 3.32157 3.2448
3.99 3.3737 3.2892
4 3.42623 3.33493
4.01 3.4791 3.3819
4.02 3.53229 3.43006
4.03 3.58574 3.47931
4.04 3.63942 3.5296
4.05 3.69327 3.58085
4.06 3.74727 3.63298
4.07 3.80136 3.68593
4.08 3.85551 3.73961
4.09 3.90968 3.79396
4.1 3.96382 3.84891
4.11 4.0179 3.90437
4.12 4.07189 3.96028
4.13 4.12574 4.01657
4.14 4.17941 4.07316
4.15 4.23287 4.12997
4.16 4.28609 4.18695
4.17 4.33902 4.244
4.18 4.39164 4.30107
4.19 4.44391 4.35807
4.2 4.4958 4.41493
4.21 4.54727 4.47159
4.22 4.5983 4.52796
4.23 4.64886 4.58398
4.24 4.6989 4.63956
4.25 4.74842 4.69465
4.26 4.79737 4.74917
4.27 4.84573 4.80303
4.28 4.89347 4.85618
4.29 4.94058 4.90853
4.3 4.98701 4.96002
4.31 5.03276 5.01057
4.32 5.07779 5.0601
4.33 5.12209 5.10855
4.34 5.16562 5.15584
4.35 5.20838 5.20191
4.36 5.25035 5.24666
4.37 5.29149 5.29004
4.38 5.3318 5.33197
4.39 5.37127 5.3724
4.4 5.40986 5.41135
4.41 5.44757 5.44884
4.42 5.48439 5.48489
4.43 5.52029 5.51954
4.44 5.55527 5.55281
4.45 5.58932 5.58472
4.46 5.62242 5.6153
4.47 5.65457 5.64458
4.48 5.68575 5.67259
4.49 5.71596 5.69934
4.5 5.74519 5.72487
4.51 5.77344 5.7492
4.52 5.80069 5.77236
4.53 5.82695 5.79437
4.54 5.85221 5.81526
4.55 5.87646 5.83505
4.56 5.89971 5.85378
4.57 5.92195 5.87146
4.58 5.94318 5.88813
4.59 5.96341 5.9038
4.6 5.98263 5.91851
4.61 6.00084 5.93228
4.62 6.01806 5.94514
4.63 6.03427 5.95711
4.64 6.04949 5.96822
4.65 6.06372 5.9785
4.66 6.07697 5.98796
4.67 6.08924 5.99664
4.68 6.10055 6.00457
4.69 6.11088 6.01176
4.7 6.12027 6.01825
4.71 6.12871 6.02406
4.72 6.13622 6.02922
4.73 6.1428 6.03375
4.74 6.14847 6.03767
4.75 6.15324 6.04102
4.76 6.15712 6.04383
4.77 6.16012 6.04611
4.78 6.16226 6.04789
4.79 6.16356 6.0492
4.8 6.16402 6.05006
4.81 6.16367 6.05051
4.82 6.16251 6.05056
4.83 6.16057 6.05025
4.84 6.15786 6.04959
4.85 6.15439 6.04861
4.86 6.1502 6.04735
4.87 6.14529 6.04583
4.88 6.13968 6.04406
4.89 6.1334 6.04209
4.9 6.12646 6.03993
4.91 6.11888 6.03761
4.92 6.11068 6.03515
4.93 6.10189 6.03259
4.94 6.09252 6.02994
4.95 6.08259 6.02724
4.96 6.07214 6.02452
4.97 6.06117 6.02178
4.98 6.04971 6.01907
4.99 6.03779 6.01641
5 6.02542 6.01382
5.01 6.01264 6.01133
5.02 5.99945 6.00896
5.03 5.98589 6.00672
5.04 5.97198 6.00461
5.05 5.95774 6.00262
5.06 5.9432 6.00075
5.07 5.92838 5.999
5.08 5.9133 5.99736
5.09 5.89799 5.99584
5.1 5.88247 5.99443
5.11 5.86676 5.99313
5.12 5.8509 5.99194
5.13 5.8349 5.99085
5.14 5.81879 5.98987
5.15 5.80259 5.98899
5.16 5.78632 5.9882
5.17 5.77002 5.98751
5.18 5.7537 5.98692
5.19 5.73738 5.98642
5.2 5.7211 5.98601
5.21 5.70488 5.98569
5.22 5.68873 5.98545
5.23 5.67268 5.98529
5.24 5.65676 5.98522
5.25 5.64099 5.98522
5.26 5.62539 5.98531
5.27 5.60998 5.98546
5.28 5.59478 5.98569
5.29 5.57982 5.98599
5.3 5.56513 5.98636
5.31 5.55071 5.98679
5.32 5.53659 5.98729
5.33 5.5228 5.98784
5.34 5.50934 5.98846
5.35 5.49626 5.98913
5.36 5.48355 5.98986
5.37 5.47125 5.99064
5.38 5.45937 5.99147
5.39 5.44793 5.99235
5.4 5.43695 5.99328
5.41 5.42644 5.99424
5.42 5.41643 5.99525
5.43 5.40694 5.9963
5.44 5.39797 5.99739
5.45 5.38954 5.99851
5.46 5.38167 5.99966
5.47 5.37438 6.00085
5.48 5.36768 6.00206
5.49 5.36159 6.0033
5.5 5.35611 6.00456
5.51 5.35127 6.00585
5.52 5.34706 6.00715
5.53 5.34352 6.00847
5.54 5.34064 6.00981
5.55 5.33844 6.01116
5.56 5.33694 6.01252
5.57 5.33613 6.01389
5.58 5.33603 6.01526
5.59 5.33665 6.01664
5.6 5.338 6.01802
5.61 5.34008 6.0194
5.62 5.3429 6.02078
5.63 5.34647 6.02215
5.64 5.35079 6.02352
5.65 5.35588 6.02487
5.66 5.36172 6.02622
5.67 5.36834 6.02755
5.68 5.37572 6.02887
5.69 5.38388 6.03016
5.7 5.39282 6.03144
5.71 5.40253 6.0327
5.72 5.41302 6.03393
5.73 5.42429 6.03513
5.74 5.43634 6.03631
5.75 5.44917 6.03745
5.76 5.46277 6.03857
5.77 5.47715 6.03964
5.78 5.4923 6.04068
5.79 5.50822 6.04168
5.8 5.5249 6.04263
5.81 5.54234 6.04354
5.82 5.56053 6.04441
5.83 5.57947 6.04523
5.84 5.59915 6.04599
5.85 5.61957 6.0467
5.86 5.64071 6.04736
5.87 5.66256 6.04796
5.88 5.68513 6.0485
5.89 5.70839 6.04898
5.9 5.73234 6.04939
5.91 5.75697 6.04974
5.92 5.78226 6.05002
5.93 5.80821 6.05022
5.94 5.8348 6.05036
5.95 5.86201 6.05042
5.96 5.88984 6.0504
5.97 5.91827 6.0503
5.98 5.94728 6.05012
5.99 5.97686 6.04986
6 6.007 6.04951
6.01 6.03767 6.04907
6.02 6.06886 6.04855
6.03 6.10055 6.04793
6.04 6.13272 6.04723
6.05 6.16536 6.04644
6.06 6.19845 6.04557
6.07 6.23196 6.04463
6.08 6.26588 6.04361
6.09 6.30018 6.04252
6.1 6.33485 6.04136
6.11 6.36986 6.04013
6.12 6.4052 6.03885
6.13 6.44083 6.0375
6.14 6.47674 6.0361
6.15 6.5129 6.03465
6.16 6.5493 6.03314
6.17 6.5859 6.03159
6.18 6.62268 6.02999
6.19 6.65963 6.02836
6.2 6.6967 6.02668
6.21 6.73389 6.02497
6.22 6.77116 6.02323
6.23 6.80849 6.02145
6.24 6.84585 6.01966
6.25 6.88322 6.01784
6.26 6.92057 6.016
6.27 6.95787 6.01414
6.28 6.9951 6.01227
6.29 7.03223 6.01038
6.3 7.06923 6.00849
6.31 7.10608 6.0066
6.32 7.14275 6.0047
6.33 7.17921 6.0028
6.34 7.21543 6.00091
6.35 7.25139 5.99903
6.36 7.28706 5.99715
6.37 7.32241 5.99529
6.38 7.35741 5.99344
6.39 7.39204 5.99162
6.4 7.42627 5.98981
6.41 7.46007 5.98803
6.42 7.49341 5.98628
6.43 7.52626 5.98457
6.44 7.55861 5.98288
6.45 7.59041 5.98123
6.46 7.62165 5.97963
6.47 7.65229 5.97806
6.48 7.68231 5.97655
6.49 7.71168 5.97508
6.5 7.74038 5.97366
6.51 7.76838 5.9723
6.52 7.79565 5.971
6.53 7.82216 5.96976
6.54 7.8479 5.96859
6.55 7.87283 5.96748
6.56 7.89693 5.96644
6.57 7.92018 5.96548
6.58 7.94255 5.96459
6.59 7.96401 5.96378
6.6 7.98455 5.96306
6.61 8.00414 5.96242
6.62 8.02275 5.96187
6.63 8.04037 5.96141
6.64 8.05697 5.96104
6.65 8.07253 5.96078
6.66 8.08702 5.96061
6.67 8.10044 5.96055
6.68 8.11275 5.96059
6.69 8.12394 5.96075
6.7 8.13399 5.96101
6.71 8.14288 5.9614
6.72 8.1506 5.9619
6.73 8.15712 5.96252
6.74 8.16242 5.96327
6.75 8.1665 5.96415
6.76 8.16934 5.96516
6.77 8.17092 5.9663
6.78 8.17122 5.96758
6.79 8.17024 5.96899
6.8 8.16796 5.97055
6.81 8.16437 5.97226
6.82 8.15946 5.97412
6.83 8.15322 5.97613
6.84 8.14563 5.97829
6.85 8.13669 5.98061
6.86 8.1264 5.98309
6.87 8.11474 5.98574
6.88 8.1017 5.98856
6.89 8.08728 5.99154
6.9 8.07148 5.9947
6.91 8.0543 5.99803
6.92 8.03572 6.00154
6.93 8.01575 6.00524
6.94 7.99438 6.00912
6.95 7.97162 6.01319
6.96 7.94746 6.01744
6.97 7.92191 6.0219
6.98 7.89497 6.02655
6.99 7.86664 6.0314
7 7.83693 6.03646
7.01 7.80583 6.04172
7.02 7.77337 6.04719
7.03 7.73954 6.05287
7.04 7.70435 6.05877
7.05 7.66781 6.06489
7.06 7.62994 6.07123
7.07 7.59073 6.07779
7.08 7.55021 6.08458
7.09 7.50839 6.0916
7.1 7.46528 6.09885
7.11 7.4209 6.10635
7.12 7.37526 6.11408
7.13 7.32838 6.12205
7.14 7.28028 6.13027
7.15 7.23097 6.13874
7.16 7.18048 6.14745
7.17 7.12883 6.15643
7.18 7.07604 6.16566
7.19 7.02213 6.17515
7.2 6.96714 6.18491
7.21 6.91107 6.19493
7.22 6.85396 6.20522
7.23 6.79584 6.21579
7.24 6.73674 6.22663
7.25 6.67668 6.23775
7.26 6.61569 6.24915
7.27 6.55381 6.26084
7.28 6.49106 6.27281
7.29 6.42749 6.28508
7.3 6.36313 6.29764
7.31 6.298 6.31049
7.32 6.23215 6.32365
7.33 6.16561 6.33709
7.34 6.09843 6.35083
7.35 6.03063 6.36485
7.36 5.96227 6.37915
7.37 5.89338 6.39372
7.38 5.824 6.40856
7.39 5.75417 6.42366
7.4 5.68395 6.43903
7.41 5.61336 6.45464
7.42 5.54247 6.47051
7.43 5.4713 6.48662
7.44 5.39992 6.50296
7.45 5.32837 6.51954
7.46 5.25669 6.53635
7.47 5.18493 6.55338
7.48 5.11315 6.57063
7.49 5.0414 6.5881
7.5 4.96971 6.60577
7.51 4.89816 6.62364
7.52 4.82679 6.64172
7.53 4.75564 6.65998
7.54 4.68479 6.67844
7.55 4.61427 6.69708
7.56 4.54415 6.71589
7.57 4.47448 6.73488
7.58 4.40531 6.75404
7.59 4.3367 6.77336
7.6 4.26871 6.79284
7.61 4.2014 6.81247
7.62 4.13481 6.83225
7.63 4.06902 6.85218
7.64 4.00407 6.87224
7.65 3.94003 6.89243
7.66 3.87695 6.91276
7.67 3.81489 6.9332
7.68 3.75392 6.95377
7.69 3.69408 6.97444
7.7 3.63545 6.99523
7.71 3.57807 7.01612
7.72 3.52201 7.0371
7.73 3.46732 7.05818
7.74 3.41408 7.07935
7.75 3.36232 7.1006
7.76 3.31212 7.12193
7.77 3.26354 7.14333
7.78 3.21662 7.16479
7.79 3.17144 7.18633
7.8 3.12804 7.20791
7.81 3.08649 7.22956
7.82 3.04684 7.25125
7.83 3.00916 7.27298
7.84 2.97349 7.29475
7.85 2.9399 7.31655
7.86 2.90843 7.33838
7.87 2.87915 7.36023
7.88 2.85211 7.38211
7.89 2.82737 7.40399
7.9 2.80497 7.42588
7.91 2.78497 7.44777
7.92 2.76742 7.46967
7.93 2.75237 7.49155
7.94 2.73987 7.51342
7.95 2.72998 7.53528
7.96 2.72273 7.55711
7.97 2.71819 7.57891
7.98 2.71638 7.60068
7.99 2.71736 7.62242
8 2.72117 7.64411
8.01 2.72786 7.66575
8.02 2.73746 7.68734
8.03 2.75002 7.70888
8.04 2.76557 7.73035
8.05 2.78415 7.75175
8.06 2.8058 7.77308
8.07 2.83055 7.79434
8.08 2.85844 7.81551
8.09 2.88949 7.83659
8.1 2.92373 7.85758
8.11 2.9612 7.87847
8.12 3.00192 7.89926
8.13 3.04591 7.91995
8.14 3.09319 7.94051
8.15 3.1438 7.96097
8.16 3.19773 7.98129
8.17 3.25502 8.0015
8.18 3.31568 8.02156
8.19 3.37971 8.04149
8.2 3.44713 8.06128
8.21 3.51795 8.08092
8.22 3.59218 8.10041
8.23 3.66981 8.11973
8.24 3.75084 8.1389
8.25 3.83529 8.1579
8.26 3.92314 8.17672
8.27 4.01439 8.19537
8.28 4.10903 8.21383
8.29 4.20705 8.23211
8.3 4.30843 8.25019
8.31 4.41316 8.26807
8.32 4.52123 8.28575
8.33 4.6326 8.30323
8.34 4.74726 8.32049
8.35 4.86518 8.33753
8.36 4.98632 8.35435
8.37 5.11067 8.37094
8.38 5.23817 8.3873
8.39 5.36879 8.40341
8.4 5.5025 8.41929
8.41 5.63924 8.43492
8.42 5.77898 8.45029
8.43 5.92165 8.46541
8.44 6.0672 8.48026
8.45 6.21559 8.49484
8.46 6.36674 8.50916
8.47 6.5206 8.52319
8.48 6.6771 8.53694
8.49 6.83618 8.5504
8.5 6.99775 8.56356
8.51 7.16174 8.57643
8.52 7.32808 8.589
8.53 7.49668 8.60126
8.54 7.66745 8.6132
8.55 7.84032 8.62482
8.56 8.01518 8.63613
8.57 8.19194 8.6471
8.58 8.3705 8.65774
8.59 8.55077 8.66804
8.6 8.73262 8.678
8.61 8.91597 8.68761
8.62 9.10069 8.69688
8.63 9.28667 8.70582
8.64 9.4738 8.71443
8.65 9.66194 8.72272
8.66 9.85098 8.73069
8.67 10.0408 8.73835
8.68 10.2312 8.7457
8.69 10.4222 8.75276
8.7 10.6135 8.75951
8.71 10.805 8.76598
8.72 10.9967 8.77217
8.73 11.1882 8.77808
8.74 11.3796 8.78372
8.75 11.5705 8.78909
8.76 11.761 8.7942
8.77 11.9508 8.79905
8.78 12.1397 8.80365
8.79 12.3276 8.80801
8.8 12.5144 8.81214
8.81 12.6998 8.81603
8.82 12.8837 8.81969
8.83 13.0659 8.82313
8.84 13.2463 8.82636
8.85 13.4246 8.82937
8.86 13.6007 8.83218
8.87 13.7744 8.8348
8.88 13.9455 8.83721
8.89 14.1138 8.83945
8.9 14.2792 8.8415
8.91 14.4414 8.84337
8.92 14.6003 8.84507
8.93 14.7556 8.84661
8.94 14.9072 8.84799
8.95 15.0549 8.84921
8.96 15.1984 8.85028
8.97 15.3376 8.85122
8.98 15.4723 8.85201
8.99 15.6023 8.85268
9 15.7274 8.85322
9.01 15.8473 8.85364
9.02 15.9619 8.85394
9.03 16.071 8.85414
9.04 16.1744 8.85423
9.05 16.2719 8.85422
9.06 16.3632 8.85413
9.07 16.4483 8.85394
9.08 16.5268 8.85368
9.09 16.5987 8.85334
9.1 16.6636 8.85293
9.11 16.7215 8.85246
9.12 16.7721 8.85193
9.13 16.8152 8.85135
9.14 16.8506 8.85072
9.15 16.8783 8.85005
9.16 16.8979 8.84934
9.17 16.9094 8.8486
9.18 16.9125 8.84784
9.19 16.9071 8.84706
9.2 16.8929 8.84627
9.21 16.87 8.84547
9.22 16.838 8.84467
9.23 16.7969 8.84387
9.24 16.7465 8.84308
9.25 16.6867 8.84231
9.26 16.6174 8.84155
9.27 16.5383 8.84083
9.28 16.4494 8.84013
9.29 16.3507 8.83947
9.3 16.2419 8.83886
9.31 16.123 8.83829
9.32 15.9939 8.83778
9.33 15.8546 8.83733
9.34 15.7049 8.83695
9.35 15.5448 8.83663
9.36 15.3743 8.8364
9.37 15.1934 8.83624
9.38 15.0019 8.83618
9.39 14.7999 8.8362
9.4 14.5874 8.83633
9.41 14.3645 8.83656
9.42 14.131 8.83691
9.43 13.8872 8.83737
9.44 13.6329 8.83795
9.45 13.3684 8.83866
9.46 13.0937 8.8395
9.47 12.8088 8.84048
9.48 12.514 8.84161
9.49 12.2093 8.84288
9.5 11.8949 8.84431
9.51 11.571 8.84591
9.52 11.2378 8.84767
9.53 10.8955 8.8496
9.54 10.5443 8.85171
9.55 10.1844 8.85401
9.56 9.81627 8.85649
9.57 9.44006 8.85917
9.58 9.05614 8.86205
9.59 8.66486 8.86514
9.6 8.26659 8.86843
9.61 7.86174 8.87193
9.62 7.45073 8.87563
9.63 7.03403 8.87952
9.64 6.61211 8.88361
9.65 6.18551 8.8879
9.66 5.75475 8.89236
9.67 5.32042 8.89702
9.68 4.88313 8.90185
9.69 4.44351 8.90686
9.7 4.00225 8.91204
9.71 3.56007 8.9174
9.72 3.11769 8.92292
9.73 2.67592 8.9286
9.74 2.23558 8.93445
9.75 1.79752 8.94045
9.76 1.36265 8.94661
9.77 0.931922 8.95291
9.78 0.506311 8.95937
9.79 0.0868513 8.96596
9.8 -0.325382 8.9727
9.81 -0.729267 8.97958
9.82 -1.12364 8.98658
9.83 -1.50727 8.99372
9.84 -1.87891 9.00098
9.85 -2.23724 9.00837
9.86 -2.58088 9.01588
9.87 -2.90842 9.0235
9.88 -3.21837 9.03124
9.89 -3.50921 9.03909
9.9 -3.77935 9.04704
9.91 -4.02713 9.0551
9.92 -4.25085 9.06325
9.93 -4.44873 9.0715
9.94 -4.61894 9.07985
9.95 -4.75959 9.08828
9.96 -4.8687 9.09681
9.97 -4.94426 9.10541
9.98 -4.98414 9.11409
9.99 -4.98619 9.12285
10 -4.94815 9.13169
