-1 -1 5.04356e+14 1 0.849508
-0.99 -1 3.78308e+14 1 0.869353
-0.98 -1 2.83133e+14 1 0.886702
-0.97 -1 2.11425e+14 1 0.901852
-0.96 -1 1.57516e+14 1 0.91507
-0.95 -1 1.1708e+14 1 0.92659
-0.94 -1 8.68177e+13 1 0.936619
-0.93 -1 6.42225e+13 1 0.94534
-0.92 -1 4.73915e+13 1 0.952917
-0.91 -1 3.48842e+13 1 0.959492
-0.9 -1 2.56127e+13 1 0.96519
-0.89 -1 1.87567e+13 1 0.970124
-0.88 -1 1.36999e+13 1 0.974391
-0.87 -1 9.97954e+12 1 0.978076
-0.86 -1 7.24969e+12 1 0.981255
-0.85 -1 5.25195e+12 1 0.983994
-0.84 -1 3.79395e+12 1 0.986352
-0.83 -1 2.7328e+12 1 0.988378
-0.82 -1 1.96267e+12 1 0.990117
-0.81 -1 1.40534e+12 1 0.991608
-0.8 -1 1.0032e+12 1 0.992884
-0.79 -1 7.13907e+11 1 0.993975
-0.78 -1 5.06421e+11 1 0.994906
-0.77 -1 3.58072e+11 1 0.9957
-0.76 -1 2.52342e+11 1 0.996376
-0.75 -1 1.77231e+11 1 0.996951
-0.74 -1 1.24048e+11 1 0.997438
-0.73 -1 8.65174e+10 1 0.997851
-0.72 -1 6.01246e+10 1 0.998201
-0.71 -1 4.16294e+10 1 0.998496
-0.7 -1 2.87152e+10 1 0.998745
-0.69 -1 1.9731e+10 1 0.998955
-0.68 -1 1.35044e+10 1 0.999131
-0.67 -1 9.20553e+09 1 0.999279
-0.66 -1 6.24927e+09 1 0.999403
-0.65 -1 4.22449e+09 1 0.999507
-0.64 -1 2.8434e+09 1 0.999593
-0.63 -1 1.90535e+09 1 0.999665
-0.62 -1 1.27098e+09 1 0.999725
-0.61 -1 8.43866e+08 1 0.999774
-0.6 -1 5.57613e+08 1 0.999815
-0.59 -1 3.66657e+08 1 0.999849
-0.58 -1 2.39882e+08 1 0.999877
-0.57 -1 1.5613e+08 1 0.9999
-0.56 -1 1.0108e+08 1 0.999919
-0.55 -1 6.50835e+07 1 0.999935
-0.54 -1 4.16709e+07 1 0.999947
-0.53 -1 2.65265e+07 1 0.999958
-0.52 -1 1.67857e+07 1 0.999966
-0.51 -1 1.05568e+07 1 0.999973
-0.5 -1 6.59744e+06 1 0.999978
-0.49 -1 4.09624e+06 1 0.999983
-0.48 -1 2.52621e+06 1 0.999986
-0.47 -1 1.54715e+06 1 0.999989
-0.46 -1 940744 1 0.999992
-0.45 -1 567784 1 0.999993
-0.44 -1 340058 1 0.999995
-0.43 -1 202052 1 0.999996
-0.42 -1 119066 1 0.999997
-0.41 -1 69564.8 1 0.999998
-0.4 -1 40283.8 1 0.999998
-0.39 -1 23113 1 0.999999
-0.38 -1 13134.4 1 0.999999
-0.37 -1 7389.6 1 0.999999
-0.36 -1 4114.47 1 0.999999
-0.35 -1 2266.24 1 1
-0.34 -1 1234.29 1 1
-0.33 -1 664.481 1 1
-0.32 -1 353.495 1 1
-0.31 -1 185.827 1 1
-0.3 -1 96.5807 1 1
-0.29 -1 49.7126 1 1
-0.28 -1 25.4469 1 1
-0.27 -1 13.0705 1 1
-0.26 -1 6.85757 1 1
-0.25 -1 3.79071 1 1
-0.24 -1 2.30371 1 1
-0.23 -1 1.59637 1 1
-0.22 -1 1.2667 1 1
-0.21 -1 1.11639 1 1
-0.2 -1 1.04947 1 1
-0.19 -1 1.02043 1 1
-0.18 -1 1.00817 1 1
-0.17 -1 1.00315 1 1
-0.16 -1 1.00117 1 1
-0.15 -1 1.00042 1 1
-0.14 -1 1.00014 1 1
-0.13 -1 1.00004 1 1
-0.12 -1 1.00001 1 1
-0.11 -1 1 1 1
-0.1 -1 1 1 1
-0.09 -1 1 1 1
-0.08 -1 1 1 1
-0.07 -1 1 1 1
-0.06 -1 1 1 1
-0.05 -1 1 1 1
-0.04 -1 1 1 1
-0.03 -1 1 1 1
-0.02 -1 1 1 1
-0.01 -1 1 1 1
0 0 1 1 1
0.01 1 1 1 1
0.02 1 1 1 1
0.03 1 1 1 1
0.04 1 1 1 1
0.05 1 1 1 1
0.06 1 1 1 1
0.07 1 1 1 1
0.08 1 1 1 1
0.09 1 1 1 1
0.1 1 1 1 1
0.11 1 1 1 1
0.12 1 1 1 1
0.13 1 1 1 1
0.14 1 1 1 1
0.15 1 1 1 1
0.16 1 1 1 1
0.17 1 1 1 1
0.18 1 1 1 1
0.19 1 1 1 1
0.2 1 1 1 1
0.21 1 1 1 1
0.22 1 1 1 1
0.23 1 1 1 1
0.24 1 1 1 1
0.25 1 1 1 1
0.26 1 1 1 1
0.27 1 1 1 1
0.28 1 1 1 1
0.29 1 1 1 1
0.3 1 1 1 1
0.31 1 1 1 1
0.32 1 1 1 1
0.33 1 1 1 1
0.34 1 1 1 1
0.35 1 1 1 1
0.36 1 1 1 1
0.37 1 1 1 1
0.38 1 1 1 1
0.39 1 1 1 1
0.4 1 1 1 1
0.41 1 1 1 1
0.42 1 1 1 1
0.43 1 1 1 1
0.44 1 1 1 1
0.45 1 1 1 1
0.46 1 1 1 1
0.47 1 1 1 1
0.48 1 1 1 1
0.49 1 1 1 1
0.5 1 1 1 1
0.51 1 1 1 1
0.52 1 1 1 1
0.53 1 1 1 1
0.54 1 1 1 1
0.55 1 1 1 1
0.56 1 1 1 1
0.57 1 1 1 1
0.58 1 1 1 1
0.59 1 1 1 1
0.6 1 1 1 1
0.61 1 1 1 1
0.62 1 1 1 1
0.63 1 1 1 1
0.64 1 1 1 1
0.65 1 1 1 1
0.66 1 1 1 1
0.67 1 1 1 1
0.68 1 1 1 1
0.69 1 1 1 1
0.7 1 1 1 1
0.71 1 1 1 1
0.72 1 1 1 1
0.73 1 1 1 1
0.74 1 1 1 1
0.75 1 1 1 1
0.76 1 1 1 1
0.77 1 1 1 1
0.78 1 1 1 1
0.79 1 1 1 1
0.8 1 1 1 1
0.81 1 1 1 1
0.82 1 1 1 1
0.83 1 1 1 1
0.84 1 1 1 1
0.85 1 1 1 1
0.86 1 1 1 1
0.87 1 1 1 1
0.88 1 1 1 1
0.89 1 1 1 1
0.9 1 1 1 1
0.91 1 1 1 1
0.92 1 1 1 1
0.93 1 1 1 1
0.94 1 1 1 1
0.95 1 1 1 1
0.96 1 1 1 1
0.97 1 1 1 1
0.98 1 1 1 1
0.99 1 1 1 1
1 1 1 1 1
1.01 1 1 1 1
1.02 1 1 1 1
1.03 1 1 1 1
1.04 1 1 1 1
1.05 1 1 1 1
1.06 1 1 1 1
1.07 1 1 1 1
1.08 1 1 1 1
1.09 1 1 1 1
1.1 1 1.00001 1 1
1.11 1 1.00005 1 1
1.12 1 1.00014 1 1
1.13 1 1.00043 1 1
1.14 1 1.00124 1 1
1.15 1 1.00338 1 1
1.16 1 1.00884 1 1
1.17 1 1.02235 1 1
1.18 1 1.05465 1 1
1.19 1 1.12974 1 1
1.2 1 1.29966 1 1
1.21 1 1.67489 1 1
1.22 1 2.48492 1 1
1.23 1 4.19694 1 1
1.24 1 7.74472 1 1
1.25 1 14.9621 1 1
1.26 1 29.3924 1 1
1.27 1 57.7767 1 1
1.28 1 112.755 1 1
1.29 1 217.702 1 1
1.3 1 415.286 1 1
1.31 1 782.432 1 1
1.32 1 1456.19 1 1
1.33 1 2678.02 1 1
1.34 1 4868.74 1 1
1.35 1 8754.31 1 0.999999
1.36 1 15574.8 1 0.999999
1.37 1 27428.8 1 0.999999
1.38 1 47835.3 1 0.999999
1.39 1 82644.8 1 0.999998
1.4 1 141503 1 0.999998
1.41 1 240183 1 0.999997
1.42 1 404284 1 0.999996
1.43 1 675041 1 0.999995
1.44 1 1.11839e+06 1 0.999994
1.45 1 1.83906e+06 1 0.999993
1.46 1 3.00224e+06 1 0.999991
1.47 1 4.86681e+06 1 0.999988
1.48 1 7.83597e+06 1 0.999985
1.49 1 1.25338e+07 1 0.999981
1.5 1 1.99207e+07 1 0.999976
1.51 1 3.14659e+07 1 0.99997
1.52 1 4.94049e+07 1 0.999962
1.53 1 7.71206e+07 1 0.999953
1.54 1 1.19705e+08 1 0.999941
1.55 1 1.84786e+08 1 0.999927
1.56 1 2.8373e+08 1 0.99991
1.57 1 4.33392e+08 1 0.999889
1.58 1 6.58656e+08 1 0.999863
1.59 1 9.96085e+08 1 0.999832
1.6 1 1.49917e+09 1 0.999794
1.61 1 2.2458e+09 1 0.999748
1.62 1 3.34897e+09 1 0.999692
1.63 1 4.97186e+09 1 0.999626
1.64 1 7.34924e+09 1 0.999545
1.65 1 1.08175e+10 1 0.999449
1.66 1 1.58567e+10 1 0.999333
1.67 1 2.31497e+10 1 0.999195
1.68 1 3.36639e+10 1 0.999031
1.69 1 4.87648e+10 1 0.998834
1.7 1 7.03738e+10 1 0.998601
1.71 1 1.01184e+11 1 0.998324
1.72 1 1.4496e+11 1 0.997995
1.73 1 2.06942e+11 1 0.997606
1.74 1 2.94408e+11 1 0.997147
1.75 1 4.17426e+11 1 0.996606
1.76 1 5.89888e+11 1 0.995968
1.77 1 8.30903e+11 1 0.995217
1.78 1 1.16667e+12 1 0.994336
1.79 1 1.63303e+12 1 0.993303
1.8 1 2.27882e+12 1 0.992094
1.81 1 3.17047e+12 1 0.99068
1.82 1 4.39807e+12 1 0.989029
1.83 1 6.08341e+12 1 0.987104
1.84 1 8.3908e+12 1 0.984862
1.85 1 1.15413e+13 1 0.982255
1.86 1 1.58314e+13 1 0.979227
1.87 1 2.16582e+13 1 0.975714
1.88 1 2.95519e+13 1 0.971644
1.89 1 4.02184e+13 1 0.966934
1.9 1 5.45964e+13 1 0.96149
1.91 1 7.393e+13 1 0.955205
1.92 1 9.98651e+13 1 0.947958
1.93 1 1.34574e+14 1 0.939609
1.94 1 1.80918e+14 1 0.930003
1.95 1 2.42656e+14 1 0.918963
1.96 1 3.24717e+14 1 0.906287
1.97 1 4.33554e+14 1 0.891749
1.98 1 5.7759e+14 1 0.875093
1.99 1 7.67803e+14 1 0.85603
2 1 1.01847e+15 1 0.834233
2.01 1 1.34813e+15 1 0.809335
2.02 1 1.78079e+15 1 0.780922
2.03 1 2.34751e+15 1 0.748531
2.04 1 3.08835e+15 1 0.711637
2.05 1 4.05495e+15 1 0.669656
2.06 1 5.31369e+15 1 0.621929
2.07 1 6.9498e+15 1 0.567718
2.08 1 9.07248e+15 1 0.506198
2.09 1 1.18214e+16 1 0.436444
2.1 1 1.53749e+16 1 0.357422
2.11 1 1.99605e+16 1 0.267979
2.12 1 2.58674e+16 1 0.166823
2.13 1 3.34634e+16 1 0.0525171
2.14 1 4.32149e+16 1 -0.0765438
2.15 1 5.57127e+16 1 -0.222147
2.16 1 7.17038e+16 1 -0.386281
2.17 1 9.21313e+16 1 -0.571162
2.18 1 1.18184e+17 1 -0.779248
2.19 1 1.51359e+17 1 -1.01328
2.2 1 1.93537e+17 1 -1.27628
2.21 1 2.47079e+17 1 -1.57163
2.22 1 3.14944e+17 1 -1.90306
2.23 1 4.00833e+17 1 -2.27471
2.24 1 5.09374e+17 1 -2.69116
2.25 1 6.4634e+17 1 -3.15749
2.26 1 8.18926e+17 1 -3.6793
2.27 1 1.03609e+18 1 -4.26279
2.28 1 1.30895e+18 1 -4.91482
2.29 1 1.65133e+18 1 -5.64295
2.3 1 2.08035e+18 1 -6.45551
2.31 1 2.61721e+18 1 -7.36172
2.32 1 3.28812e+18 1 -8.3717
2.33 1 4.12543e+18 1 -9.49664
2.34 1 5.16907e+18 1 -10.7488
2.35 1 6.4682e+18 1 -12.1417
2.36 1 8.08331e+18 1 -13.6903
2.37 1 1.00887e+19 1 -15.4109
2.38 1 1.25757e+19 1 -17.3214
2.39 1 1.56561e+19 1 -19.4415
2.4 1 1.94668e+19 1 -21.7929
2.41 1 2.41755e+19 1 -24.3993
2.42 1 2.99867e+19 1 -27.2867
2.43 1 3.71503e+19 1 -30.4835
2.44 1 4.59707e+19 1 -34.021
2.45 1 5.68188e+19 1 -37.9333
2.46 1 7.01455e+19 1 -42.2577
2.47 1 8.64989e+19 1 -47.0351
2.48 1 1.06544e+20 1 -52.31
2.49 1 1.31088e+20 1 -58.1313
2.5 1 1.61108e+20 1 -64.552
2.51 1 1.97786e+20 1 -71.6304
2.52 1 2.42551e+20 1 -79.4297
2.53 1 2.97129e+20 1 -88.0191
2.54 1 3.63603e+20 1 -97.4738
2.55 1 4.44483e+20 1 -107.876
2.56 1 5.42791e+20 1 -119.315
2.57 1 6.62162e+20 1 -131.887
2.58 1 8.06966e+20 1 -145.699
2.59 1 9.82448e+20 1 -160.866
2.6 1 1.1949e+21 1 -177.512
2.61 1 1.45187e+21 1 -195.774
2.62 1 1.76239e+21 1 -215.799
2.63 1 2.13726e+21 1 -237.747
2.64 1 2.58939e+21 1 -261.792
2.65 1 3.13421e+21 1 -288.123
2.66 1 3.79012e+21 1 -316.943
2.67 1 4.57906e+21 1 -348.476
2.68 1 5.52715e+21 1 -382.96
2.69 1 6.6655e+21 1 -420.657
2.7 1 8.03109e+21 1 -461.847
2.71 1 9.66784e+21 1 -506.836
2.72 1 1.16279e+22 1 -555.953
2.73 1 1.39732e+22 1 -609.555
2.74 1 1.67771e+22 1 -668.028
2.75 1 2.01263e+22 1 -731.788
2.76 1 2.41237e+22 1 -801.286
2.77 1 2.88908e+22 1 -877.007
2.78 1 3.45712e+22 1 -959.478
2.79 1 4.13345e+22 1 -1049.26
2.8 1 4.93805e+22 1 -1146.97
2.81 1 5.89451e+22 1 -1253.27
2.82 1 7.03061e+22 1 -1368.86
2.83 1 8.37902e+22 1 -1494.51
2.84 1 9.9782e+22 1 -1631.05
2.85 1 1.18734e+23 1 -1779.37
2.86 1 1.41175e+23 1 -1940.41
2.87 1 1.67731e+23 1 -2115.21
2.88 1 1.99131e+23 1 -2304.88
2.89 1 2.36231e+23 1 -2510.61
2.9 1 2.80035e+23 1 -2733.68
2.91 1 3.31717e+23 1 -2975.46
2.92 1 3.9265e+23 1 -3237.44
2.93 1 4.64439e+23 1 -3521.2
2.94 1 5.48959e+23 1 -3828.46
2.95 1 6.48399e+23 1 -4161.04
2.96 1 7.65311e+23 1 -4520.91
2.97 1 9.02671e+23 1 -4910.18
2.98 1 1.06395e+24 1 -5331.11
2.99 1 1.25317e+24 1 -5786.13
3 1 1.47505e+24 1 -6277.85
3.01 1 1.73504e+24 1 -6809.04
3.02 1 2.03948e+24 1 -7382.71
3.03 1 2.39575e+24 1 -8002.04
3.04 1 2.8124e+24 1 -8670.46
3.05 1 3.29935e+24 1 -9391.65
3.06 1 3.86811e+24 1 -10169.5
3.07 1 4.532e+24 1 -11008.3
3.08 1 5.30644e+24 1 -11912.4
3.09 1 6.2093e+24 1 -12886.7
3.1 1 7.26122e+24 1 -13936.4
3.11 1 8.48606e+24 1 -15066.8
3.12 1 9.91139e+24 1 -16283.9
3.13 1 1.1569e+25 1 -17593.9
3.14 1 1.34957e+25 1 -19003.6
3.15 1 1.57338e+25 1 -20520
3.16 1 1.8332e+25 1 -22150.8
3.17 1 2.13467e+25 1 -23904.1
3.18 1 2.48425e+25 1 -25788.6
3.19 1 2.88939e+25 1 -27813.5
3.2 1 3.35866e+25 1 -29988.8
3.21 1 3.90189e+25 1 -32324.9
3.22 1 4.53041e+25 1 -34833.1
3.23 1 5.25719e+25 1 -37525.3
3.24 1 6.09715e+25 1 -40414.1
3.25 1 7.06736e+25 1 -43513.3
3.26 1 8.18743e+25 1 -46837.2
3.27 1 9.47982e+25 1 -50401.2
3.28 1 1.09702e+26 1 -54221.6
3.29 1 1.26881e+26 1 -58315.8
3.3 1 1.46671e+26 1 -62702.3
3.31 1 1.69458e+26 1 -67400.9
3.32 1 1.95681e+26 1 -72432.4
3.33 1 2.25844e+26 1 -77819.2
3.34 1 2.6052e+26 1 -83584.7
3.35 1 3.00366e+26 1 -89754.3
3.36 1 3.46128e+26 1 -96354.5
3.37 1 3.98659e+26 1 -103414
3.38 1 4.5893e+26 1 -110962
3.39 1 5.28049e+26 1 -119032
3.4 1 6.07275e+26 1 -127656
3.41 1 6.98041e+26 1 -136872
3.42 1 8.01981e+26 1 -146717
3.43 1 9.20948e+26 1 -157231
3.44 1 1.05705e+27 1 -168459
3.45 1 1.21268e+27 1 -180445
3.46 1 1.39057e+27 1 -193237
3.47 1 1.59379e+27 1 -206887
3.48 1 1.82585e+27 1 -221450
3.49 1 2.09072e+27 1 -236982
3.5 1 2.39291e+27 1 -253544
3.51 1 2.73751e+27 1 -271202
3.52 1 3.1303e+27 1 -290023
3.53 1 3.57783e+27 1.00001 -310080
3.54 1 4.08749e+27 1.00001 -331449
3.55 1 4.66766e+27 1.00001 -354211
3.56 1 5.3278e+27 1.00001 -378452
3.57 1 6.07862e+27 1.00001 -404262
3.58 1 6.9322e+27 1.00001 -431738
3.59 1 7.9022e+27 1.00001 -460981
3.6 1 9.00402e+27 1.00001 -492098
3.61 1 1.0255e+28 1.00001 -525202
3.62 1 1.16749e+28 1.00001 -560414
3.63 1 1.32857e+28 1.00001 -597859
3.64 1 1.51124e+28 1.00001 -637671
3.65 1 1.7183e+28 1.00001 -679992
3.66 1 1.95291e+28 1.00001 -724971
3.67 1 2.21865e+28 1.00001 -772765
3.68 1 2.5195e+28 1.00001 -823541
3.69 1 2.85999e+28 1.00001 -877474
3.7 1 3.24517e+28 1.00001 -934749
3.71 1 3.68074e+28 1.00001 -995562
3.72 1 4.1731e+28 1.00001 -1.06012e+06
3.73 1 4.72945e+28 1.00001 -1.12864e+06
3.74 1 5.35784e+28 1.00001 -1.20135e+06
3.75 1 6.06735e+28 1.00001 -1.27849e+06
3.76 1 6.86813e+28 1.00001 -1.36032e+06
3.77 1 7.77158e+28 1.00001 -1.44711e+06
3.78 1 8.79048e+28 1.00001 -1.53913e+06
3.79 1 9.93916e+28 1.00001 -1.6367e+06
3.8 1 1.12337e+29 1.00001 -1.74012e+06
3.81 1 1.2692e+29 1.00001 -1.84972e+06
3.82 1 1.43342e+29 1.00001 -1.96586e+06
3.83 1 1.61829e+29 1.00001 -2.0889e+06
3.84 1 1.82632e+29 1.00001 -2.21923e+06
3.85 1 2.06033e+29 1.00001 -2.35726e+06
3.86 1 2.32348e+29 1.00001 -2.50341e+06
3.87 1 2.61928e+29 1.00001 -2.65814e+06
3.88 1 2.95167e+29 1.00002 -2.82192e+06
3.89 1 3.32504e+29 1.00002 -2.99525e+06
3.9 1 3.7443e+29 1.00002 -3.17866e+06
3.91 1 4.21493e+29 1.00002 -3.3727e+06
3.92 1 4.74304e+29 1.00002 -3.57795e+06
3.93 1 5.33544e+29 1.00002 -3.79503e+06
3.94 1 5.99974e+29 1.00002 -4.02457e+06
3.95 1 6.7444e+29 1.00002 -4.26726e+06
3.96 1 7.57888e+29 1.00002 -4.5238e+06
3.97 1 8.51368e+29 1.00002 -4.79494e+06
3.98 1 9.56052e+29 1.00002 -5.08146e+06
3.99 1 1.07324e+30 1.00002 -5.38419e+06
4 1 1.20439e+30 1.00002 -5.704e+06
