-1 -1 -0.974676 -1.29701 -1.07721
-0.999 -1 -1.00659 -1.29554 -1.07405
-0.998 -1 -1.02166 -1.29407 -1.07094
-0.997 -1 -1.02539 -1.2926 -1.06785
-0.996 -1 -1.02198 -1.29114 -1.06481
-0.995 -1 -1.0146 -1.28967 -1.0618
-0.994 -1 -1.00553 -1.2882 -1.05882
-0.993 -1 -0.996399 -1.28674 -1.05588
-0.992 -1 -0.988271 -1.28527 -1.05298
-0.991 -1 -0.981797 -1.28381 -1.05011
-0.99 -1 -0.977303 -1.28234 -1.04728
-0.989 -1 -0.974876 -1.28087 -1.04447
-0.988 -1 -0.974429 -1.27941 -1.04171
-0.987 -1 -0.975758 -1.27794 -1.03898
-0.986 -1 -0.978583 -1.27648 -1.03628
-0.985 -1 -0.982585 -1.27501 -1.03362
-0.984 -1 -0.987432 -1.27355 -1.03099
-0.983 -1 -0.992797 -1.27208 -1.02839
-0.982 -1 -0.998374 -1.27062 -1.02583
-0.981 -1 -1.00389 -1.26915 -1.0233
-0.98 -1 -1.0091 -1.26769 -1.0208
-0.979 -1 -1.01382 -1.26623 -1.01833
-0.978 -1 -1.01789 -1.26476 -1.0159
-0.977 -1 -1.0212 -1.2633 -1.0135
-0.976 -1 -1.02367 -1.26184 -1.01113
-0.975 -1 -1.02527 -1.26037 -1.0088
-0.974 -1 -1.02599 -1.25891 -1.00649
-0.973 -1 -1.02585 -1.25745 -1.00422
-0.972 -1 -1.02491 -1.25599 -1.00198
-0.971 -1 -1.02324 -1.25452 -0.999771
-0.97 -1 -1.02091 -1.25306 -0.997592
-0.969 -1 -1.01803 -1.2516 -0.995445
-0.968 -1 -1.01469 -1.25014 -0.993328
-0.967 -1 -1.01101 -1.24868 -0.991242
-0.966 -1 -1.00709 -1.24722 -0.989186
-0.965 -1 -1.00304 -1.24576 -0.98716
-0.964 -1 -0.99897 -1.24429 -0.985165
-0.963 -1 -0.994967 -1.24283 -0.983199
-0.962 -1 -0.991123 -1.24137 -0.981263
-0.961 -1 -0.987518 -1.23991 -0.979356
-0.96 -1 -0.984223 -1.23845 -0.977479
-0.959 -1 -0.981296 -1.23699 -0.975631
-0.958 -1 -0.978786 -1.23553 -0.973812
-0.957 -1 -0.976731 -1.23407 -0.972021
-0.956 -1 -0.975155 -1.23262 -0.97026
-0.955 -1 -0.974076 -1.23116 -0.968526
-0.954 -1 -0.973498 -1.2297 -0.966822
-0.953 -1 -0.973418 -1.22824 -0.965145
-0.952 -1 -0.973822 -1.22678 -0.963496
-0.951 -1 -0.974689 -1.22532 -0.961875
-0.95 -1 -0.975993 -1.22386 -0.960282
-0.949 -1 -0.977698 -1.22241 -0.958716
-0.948 -1 -0.979766 -1.22095 -0.957177
-0.947 -1 -0.982153 -1.21949 -0.955665
-0.946 -1 -0.984813 -1.21803 -0.954181
-0.945 -1 -0.987697 -1.21658 -0.952723
-0.944 -1 -0.990754 -1.21512 -0.951292
-0.943 -1 -0.993933 -1.21366 -0.949887
-0.942 -1 -0.997185 -1.21221 -0.948509
-0.941 -1 -1.00046 -1.21075 -0.947156
-0.94 -1 -1.0037 -1.20929 -0.94583
-0.939 -1 -1.00688 -1.20784 -0.944529
-0.938 -1 -1.00994 -1.20638 -0.943254
-0.937 -1 -1.01284 -1.20493 -0.942005
-0.936 -1 -1.01556 -1.20347 -0.94078
-0.935 -1 -1.01804 -1.20202 -0.939581
-0.934 -1 -1.02028 -1.20056 -0.938407
-0.933 -1 -1.02224 -1.19911 -0.937258
-0.932 -1 -1.0239 -1.19765 -0.936133
-0.931 -1 -1.02525 -1.1962 -0.935033
-0.93 -1 -1.02627 -1.19474 -0.933957
-0.929 -1 -1.02696 -1.19329 -0.932905
-0.928 -1 -1.02733 -1.19184 -0.931877
-0.927 -1 -1.02736 -1.19038 -0.930873
-0.926 -1 -1.02706 -1.18893 -0.929893
-0.925 -1 -1.02645 -1.18748 -0.928937
-0.924 -1 -1.02553 -1.18602 -0.928003
-0.923 -1 -1.02432 -1.18457 -0.927093
-0.922 -1 -1.02285 -1.18312 -0.926206
-0.921 -1 -1.02112 -1.18166 -0.925342
-0.92 -1 -1.01917 -1.18021 -0.924501
-0.919 -1 -1.01702 -1.17876 -0.923682
-0.918 -1 -1.01469 -1.17731 -0.922886
-0.917 -1 -1.01221 -1.17586 -0.922111
-0.916 -1 -1.00961 -1.17441 -0.92136
-0.915 -1 -1.00692 -1.17295 -0.92063
-0.914 -1 -1.00417 -1.1715 -0.919921
-0.913 -1 -1.00139 -1.17005 -0.919235
-0.912 -1 -0.998596 -1.1686 -0.91857
-0.911 -1 -0.995829 -1.16715 -0.917926
-0.91 -1 -0.993111 -1.1657 -0.917304
-0.909 -1 -0.990468 -1.16425 -0.916703
-0.908 -1 -0.987925 -1.1628 -0.916122
-0.907 -1 -0.985505 -1.16135 -0.915562
-0.906 -1 -0.983228 -1.1599 -0.915023
-0.905 -1 -0.981115 -1.15845 -0.914505
-0.904 -1 -0.979182 -1.157 -0.914006
-0.903 -1 -0.977446 -1.15555 -0.913528
-0.902 -1 -0.975918 -1.15411 -0.91307
-0.901 -1 -0.974611 -1.15266 -0.912632
-0.9 -1 -0.973534 -1.15121 -0.912213
-0.899 -1 -0.972692 -1.14976 -0.911814
-0.898 -1 -0.972092 -1.14831 -0.911434
-0.897 -1 -0.971734 -1.14686 -0.911074
-0.896 -1 -0.97162 -1.14542 -0.910733
-0.895 -1 -0.971748 -1.14397 -0.910411
-0.894 -1 -0.972113 -1.14252 -0.910107
-0.893 -1 -0.97271 -1.14108 -0.909823
-0.892 -1 -0.973532 -1.13963 -0.909556
-0.891 -1 -0.97457 -1.13818 -0.909309
-0.89 -1 -0.975813 -1.13674 -0.909079
-0.889 -1 -0.977248 -1.13529 -0.908868
-0.888 -1 -0.978863 -1.13384 -0.908674
-0.887 -1 -0.980642 -1.1324 -0.908499
-0.886 -1 -0.982571 -1.13095 -0.908341
-0.885 -1 -0.984632 -1.12951 -0.908201
-0.884 -1 -0.986808 -1.12806 -0.908078
-0.883 -1 -0.989082 -1.12662 -0.907972
-0.882 -1 -0.991436 -1.12517 -0.907884
-0.881 -1 -0.99385 -1.12373 -0.907812
-0.88 -1 -0.996307 -1.12228 -0.907758
-0.879 -1 -0.998787 -1.12084 -0.90772
-0.878 -1 -1.00127 -1.11939 -0.907698
-0.877 -1 -1.00375 -1.11795 -0.907694
-0.876 -1 -1.00619 -1.11651 -0.907705
-0.875 -1 -1.00858 -1.11506 -0.907732
-0.874 -1 -1.01091 -1.11362 -0.907776
-0.873 -1 -1.01316 -1.11218 -0.907836
-0.872 -1 -1.01531 -1.11073 -0.907911
-0.871 -1 -1.01736 -1.10929 -0.908002
-0.87 -1 -1.01928 -1.10785 -0.908108
-0.869 -1 -1.02106 -1.10641 -0.90823
-0.868 -1 -1.0227 -1.10497 -0.908367
-0.867 -1 -1.02418 -1.10352 -0.908519
-0.866 -1 -1.0255 -1.10208 -0.908685
-0.865 -1 -1.02664 -1.10064 -0.908867
-0.864 -1 -1.02761 -1.0992 -0.909064
-0.863 -1 -1.02839 -1.09776 -0.909275
-0.862 -1 -1.02899 -1.09632 -0.9095
-0.861 -1 -1.02939 -1.09488 -0.90974
-0.86 -1 -1.0296 -1.09344 -0.909994
-0.859 -1 -1.02963 -1.092 -0.910262
-0.858 -1 -1.02946 -1.09056 -0.910543
-0.857 -1 -1.02911 -1.08912 -0.910839
-0.856 -1 -1.02857 -1.08768 -0.911148
-0.855 -1 -1.02785 -1.08624 -0.911471
-0.854 -1 -1.02696 -1.0848 -0.911807
-0.853 -1 -1.0259 -1.08336 -0.912156
-0.852 -1 -1.02469 -1.08192 -0.912519
-0.851 -1 -1.02332 -1.08048 -0.912894
-0.85 -1 -1.02181 -1.07904 -0.913283
-0.849 -1 -1.02018 -1.0776 -0.913684
-0.848 -1 -1.01842 -1.07616 -0.914097
-0.847 -1 -1.01655 -1.07473 -0.914524
-0.846 -1 -1.01459 -1.07329 -0.914962
-0.845 -1 -1.01253 -1.07185 -0.915413
-0.844 -1 -1.01041 -1.07041 -0.915876
-0.843 -1 -1.00823 -1.06898 -0.916351
-0.842 -1 -1.006 -1.06754 -0.916838
-0.841 -1 -1.00374 -1.0661 -0.917336
-0.84 -1 -1.00145 -1.06467 -0.917846
-0.839 -1 -0.999163 -1.06323 -0.918368
-0.838 -1 -0.996877 -1.06179 -0.918901
-0.837 -1 -0.99461 -1.06036 -0.919445
-0.836 -1 -0.992374 -1.05892 -0.920001
-0.835 -1 -0.990181 -1.05749 -0.920567
-0.834 -1 -0.988042 -1.05605 -0.921145
-0.833 -1 -0.985971 -1.05462 -0.921733
-0.832 -1 -0.983976 -1.05318 -0.922332
-0.831 -1 -0.98207 -1.05175 -0.922941
-0.83 -1 -0.980261 -1.05031 -0.923561
-0.829 -1 -0.978559 -1.04888 -0.924191
-0.828 -1 -0.976972 -1.04744 -0.924831
-0.827 -1 -0.975509 -1.04601 -0.925482
-0.826 -1 -0.974175 -1.04457 -0.926142
-0.825 -1 -0.972978 -1.04314 -0.926812
-0.824 -1 -0.971924 -1.04171 -0.927492
-0.823 -1 -0.971016 -1.04027 -0.928181
-0.822 -1 -0.970259 -1.03884 -0.92888
-0.821 -1 -0.969656 -1.03741 -0.929589
-0.82 -1 -0.969209 -1.03597 -0.930306
-0.819 -1 -0.968921 -1.03454 -0.931033
-0.818 -1 -0.96879 -1.03311 -0.931769
-0.817 -1 -0.968818 -1.03168 -0.932513
-0.816 -1 -0.969004 -1.03025 -0.933267
-0.815 -1 -0.969345 -1.02881 -0.934029
-0.814 -1 -0.96984 -1.02738 -0.9348
-0.813 -1 -0.970485 -1.02595 -0.935579
-0.812 -1 -0.971276 -1.02452 -0.936366
-0.811 -1 -0.972209 -1.02309 -0.937162
-0.81 -1 -0.973279 -1.02166 -0.937966
-0.809 -1 -0.974479 -1.02023 -0.938778
-0.808 -1 -0.975804 -1.0188 -0.939597
-0.807 -1 -0.977246 -1.01737 -0.940425
-0.806 -1 -0.978798 -1.01594 -0.94126
-0.805 -1 -0.980452 -1.01451 -0.942103
-0.804 -1 -0.9822 -1.01308 -0.942953
-0.803 -1 -0.984033 -1.01165 -0.943811
-0.802 -1 -0.985942 -1.01022 -0.944676
-0.801 -1 -0.987918 -1.00879 -0.945548
-0.8 -1 -0.989952 -1.00736 -0.946427
-0.799 -1 -0.992033 -1.00593 -0.947313
-0.798 -1 -0.994152 -1.0045 -0.948206
-0.797 -1 -0.996299 -1.00308 -0.949106
-0.796 -1 -0.998464 -1.00165 -0.950012
-0.795 -1 -1.00064 -1.00022 -0.950924
-0.794 -1 -1.00281 -0.998793 -0.951844
-0.793 -1 -1.00497 -0.997365 -0.952769
-0.792 -1 -1.00711 -0.995938 -0.9537
-0.791 -1 -1.00921 -0.994511 -0.954638
-0.79 -1 -1.01128 -0.993084 -0.955582
-0.789 -1 -1.0133 -0.991657 -0.956531
-0.788 -1 -1.01526 -0.990231 -0.957487
-0.787 -1 -1.01715 -0.988805 -0.958448
-0.786 -1 -1.01897 -0.987379 -0.959414
-0.785 -1 -1.0207 -0.985953 -0.960386
-0.784 -1 -1.02235 -0.984527 -0.961364
-0.783 -1 -1.0239 -0.983102 -0.962346
-0.782 -1 -1.02535 -0.981676 -0.963334
-0.781 -1 -1.02669 -0.980251 -0.964327
-0.78 -1 -1.02791 -0.978826 -0.965325
-0.779 -1 -1.02902 -0.977402 -0.966328
-0.778 -1 -1.03 -0.975977 -0.967335
-0.777 -1 -1.03086 -0.974553 -0.968347
-0.776 -1 -1.03158 -0.973129 -0.969364
-0.775 -1 -1.03218 -0.971705 -0.970385
-0.774 -1 -1.03263 -0.970281 -0.971411
-0.773 -1 -1.03295 -0.968857 -0.972441
-0.772 -1 -1.03314 -0.967434 -0.973475
-0.771 -1 -1.03319 -0.966011 -0.974513
-0.77 -1 -1.03309 -0.964588 -0.975555
-0.769 -1 -1.03287 -0.963165 -0.976601
-0.768 -1 -1.0325 -0.961743 -0.977651
-0.767 -1 -1.03201 -0.96032 -0.978704
-0.766 -1 -1.03138 -0.958898 -0.979762
-0.765 -1 -1.03062 -0.957476 -0.980822
-0.764 -1 -1.02974 -0.956054 -0.981886
-0.763 -1 -1.02874 -0.954633 -0.982954
-0.762 -1 -1.02763 -0.953211 -0.984024
-0.761 -1 -1.0264 -0.95179 -0.985098
-0.76 -1 -1.02506 -0.950369 -0.986175
-0.759 -1 -1.02362 -0.948948 -0.987255
-0.758 -1 -1.02209 -0.947528 -0.988338
-0.757 -1 -1.02047 -0.946107 -0.989423
-0.756 -1 -1.01877 -0.944687 -0.990511
-0.755 -1 -1.01699 -0.943267 -0.991602
-0.754 -1 -1.01514 -0.941847 -0.992695
-0.753 -1 -1.01324 -0.940427 -0.993791
-0.752 -1 -1.01128 -0.939008 -0.994889
-0.751 -1 -1.00927 -0.937589 -0.995989
-0.75 -1 -1.00723 -0.93617 -0.997091
-0.749 -1 -1.00515 -0.934751 -0.998196
-0.748 -1 -1.00306 -0.933332 -0.999302
-0.747 -1 -1.00095 -0.931914 -1.00041
-0.746 -1 -0.998829 -0.930495 -1.00152
-0.745 -1 -0.996715 -0.929077 -1.00263
-0.744 -1 -0.994611 -0.927659 -1.00375
-0.743 -1 -0.992525 -0.926242 -1.00486
-0.742 -1 -0.990464 -0.924824 -1.00598
-0.741 -1 -0.988437 -0.923407 -1.00709
-0.74 -1 -0.98645 -0.92199 -1.00821
-0.739 -1 -0.984512 -0.920573 -1.00933
-0.738 -1 -0.982628 -0.919156 -1.01045
-0.737 -1 -0.980806 -0.91774 -1.01158
-0.736 -1 -0.979053 -0.916323 -1.0127
-0.735 -1 -0.977374 -0.914907 -1.01382
-0.734 -1 -0.975775 -0.913491 -1.01495
-0.733 -1 -0.974263 -0.912076 -1.01607
-0.732 -1 -0.972843 -0.91066 -1.0172
-0.731 -1 -0.971519 -0.909245 -1.01833
-0.73 -1 -0.970296 -0.90783 -1.01945
-0.729 -1 -0.969178 -0.906415 -1.02058
-0.728 -1 -0.968169 -0.905 -1.02171
-0.727 -1 -0.967273 -0.903585 -1.02284
-0.726 -1 -0.966492 -0.902171 -1.02396
-0.725 -1 -0.965829 -0.900757 -1.02509
-0.724 -1 -0.965287 -0.899343 -1.02622
-0.723 -1 -0.964866 -0.897929 -1.02735
-0.722 -1 -0.964568 -0.896515 -1.02848
-0.721 -1 -0.964395 -0.895102 -1.0296
-0.72 -1 -0.964346 -0.893689 -1.03073
-0.719 -1 -0.964421 -0.892276 -1.03186
-0.718 -1 -0.96462 -0.890863 -1.03298
-0.717 -1 -0.964942 -0.88945 -1.03411
-0.716 -1 -0.965386 -0.888038 -1.03523
-0.715 -1 -0.965949 -0.886626 -1.03636
-0.714 -1 -0.966631 -0.885214 -1.03748
-0.713 -1 -0.967428 -0.883802 -1.0386
-0.712 -1 -0.968338 -0.88239 -1.03972
-0.711 -1 -0.969357 -0.880979 -1.04084
-0.71 -1 -0.970482 -0.879567 -1.04196
-0.709 -1 -0.971708 -0.878156 -1.04308
-0.708 -1 -0.973032 -0.876746 -1.0442
-0.707 -1 -0.974449 -0.875335 -1.04531
-0.706 -1 -0.975954 -0.873924 -1.04643
-0.705 -1 -0.977542 -0.872514 -1.04754
-0.704 -1 -0.979207 -0.871104 -1.04865
-0.703 -1 -0.980945 -0.869694 -1.04976
-0.702 -1 -0.982748 -0.868285 -1.05087
-0.701 -1 -0.984612 -0.866875 -1.05197
-0.7 -1 -0.986529 -0.865466 -1.05307
-0.699 -1 -0.988495 -0.864057 -1.05418
-0.698 -1 -0.990501 -0.862648 -1.05528
-0.697 -1 -0.992541 -0.861239 -1.05637
-0.696 -1 -0.994609 -0.85983 -1.05747
-0.695 -1 -0.996699 -0.858422 -1.05856
-0.694 -1 -0.998802 -0.857014 -1.05965
-0.693 -1 -1.00091 -0.855606 -1.06074
-0.692 -1 -1.00303 -0.854198 -1.06183
-0.691 -1 -1.00513 -0.852791 -1.06291
-0.69 -1 -1.00722 -0.851383 -1.06399
-0.689 -1 -1.0093 -0.849976 -1.06507
-0.688 -1 -1.01134 -0.848569 -1.06615
-0.687 -1 -1.01336 -0.847163 -1.06722
-0.686 -1 -1.01533 -0.845756 -1.06829
-0.685 -1 -1.01726 -0.84435 -1.06936
-0.684 -1 -1.01914 -0.842943 -1.07042
-0.683 -1 -1.02096 -0.841537 -1.07148
-0.682 -1 -1.02272 -0.840132 -1.07254
-0.681 -1 -1.02441 -0.838726 -1.0736
-0.68 -1 -1.02603 -0.837321 -1.07465
-0.679 -1 -1.02757 -0.835915 -1.0757
-0.678 -1 -1.02903 -0.83451 -1.07674
-0.677 -1 -1.0304 -0.833106 -1.07778
-0.676 -1 -1.03167 -0.831701 -1.07882
-0.675 -1 -1.03285 -0.830297 -1.07986
-0.674 -1 -1.03393 -0.828892 -1.08089
-0.673 -1 -1.03491 -0.827488 -1.08191
-0.672 -1 -1.03579 -0.826085 -1.08294
-0.671 -1 -1.03655 -0.824681 -1.08396
-0.67 -1 -1.03721 -0.823277 -1.08497
-0.669 -1 -1.03775 -0.821874 -1.08599
-0.668 -1 -1.03818 -0.820471 -1.08699
-0.667 -1 -1.03849 -0.819068 -1.088
-0.666 -1 -1.03869 -0.817666 -1.089
-0.665 -1 -1.03877 -0.816263 -1.08999
-0.664 -1 -1.03874 -0.814861 -1.09098
-0.663 -1 -1.03859 -0.813459 -1.09197
-0.662 -1 -1.03832 -0.812057 -1.09295
-0.661 -1 -1.03794 -0.810655 -1.09393
-0.66 -1 -1.03744 -0.809254 -1.09491
-0.659 -1 -1.03683 -0.807852 -1.09587
-0.658 -1 -1.03611 -0.806451 -1.09684
-0.657 -1 -1.03528 -0.80505 -1.0978
-0.656 -1 -1.03435 -0.80365 -1.09875
-0.655 -1 -1.03331 -0.802249 -1.0997
-0.654 -1 -1.03217 -0.800849 -1.10065
-0.653 -1 -1.03094 -0.799449 -1.10159
-0.652 -1 -1.02961 -0.798049 -1.10253
-0.651 -1 -1.02819 -0.796649 -1.10346
-0.65 -1 -1.02669 -0.79525 -1.10438
-0.649 -1 -1.0251 -0.79385 -1.1053
-0.648 -1 -1.02344 -0.792451 -1.10622
-0.647 -1 -1.02171 -0.791052 -1.10713
-0.646 -1 -1.01991 -0.789653 -1.10803
-0.645 -1 -1.01805 -0.788255 -1.10893
-0.644 -1 -1.01614 -0.786856 -1.10983
-0.643 -1 -1.01417 -0.785458 -1.11072
-0.642 -1 -1.01216 -0.78406 -1.1116
-0.641 -1 -1.01011 -0.782662 -1.11248
-0.64 -1 -1.00803 -0.781265 -1.11335
-0.639 -1 -1.00591 -0.779867 -1.11422
-0.638 -1 -1.00378 -0.77847 -1.11508
-0.637 -1 -1.00163 -0.777073 -1.11593
-0.636 -1 -0.999476 -0.775676 -1.11678
-0.635 -1 -0.997315 -0.77428 -1.11763
-0.634 -1 -0.995157 -0.772883 -1.11846
-0.633 -1 -0.993007 -0.771487 -1.1193
-0.632 -1 -0.990873 -0.770091 -1.12012
-0.631 -1 -0.988758 -0.768695 -1.12094
-0.63 -1 -0.986671 -0.7673 -1.12175
-0.629 -1 -0.984615 -0.765904 -1.12256
-0.628 -1 -0.982598 -0.764509 -1.12336
-0.627 -1 -0.980624 -0.763114 -1.12416
-0.626 -1 -0.9787 -0.761719 -1.12495
-0.625 -1 -0.976829 -0.760324 -1.12573
-0.624 -1 -0.975019 -0.75893 -1.1265
-0.623 -1 -0.973272 -0.757536 -1.12727
-0.622 -1 -0.971595 -0.756142 -1.12803
-0.621 -1 -0.969992 -0.754748 -1.12879
-0.62 -1 -0.968468 -0.753354 -1.12954
-0.619 -1 -0.967025 -0.75196 -1.13028
-0.618 -1 -0.965669 -0.750567 -1.13102
-0.617 -1 -0.964404 -0.749174 -1.13175
-0.616 -1 -0.963231 -0.747781 -1.13247
-0.615 -1 -0.962156 -0.746388 -1.13319
-0.614 -1 -0.96118 -0.744996 -1.1339
-0.613 -1 -0.960307 -0.743604 -1.1346
-0.612 -1 -0.959539 -0.742211 -1.13529
-0.611 -1 -0.958877 -0.74082 -1.13598
-0.61 -1 -0.958324 -0.739428 -1.13666
-0.609 -1 -0.957881 -0.738036 -1.13734
-0.608 -1 -0.95755 -0.736645 -1.138
-0.607 -1 -0.957331 -0.735254 -1.13866
-0.606 -1 -0.957225 -0.733863 -1.13932
-0.605 -1 -0.957233 -0.732472 -1.13996
-0.604 -1 -0.957354 -0.731081 -1.1406
-0.603 -1 -0.957589 -0.729691 -1.14123
-0.602 -1 -0.957936 -0.728301 -1.14185
-0.601 -1 -0.958394 -0.726911 -1.14247
-0.6 -1 -0.958964 -0.725521 -1.14308
-0.599 -1 -0.959643 -0.724132 -1.14368
-0.598 -1 -0.960429 -0.722742 -1.14427
-0.597 -1 -0.961322 -0.721353 -1.14486
-0.596 -1 -0.962317 -0.719964 -1.14543
-0.595 -1 -0.963414 -0.718575 -1.146
-0.594 -1 -0.964608 -0.717187 -1.14657
-0.593 -1 -0.965898 -0.715798 -1.14712
-0.592 -1 -0.96728 -0.71441 -1.14767
-0.591 -1 -0.96875 -0.713022 -1.14821
-0.59 -1 -0.970305 -0.711634 -1.14874
-0.589 -1 -0.97194 -0.710246 -1.14926
-0.588 -1 -0.973653 -0.708859 -1.14978
-0.587 -1 -0.975437 -0.707472 -1.15028
-0.586 -1 -0.97729 -0.706085 -1.15078
-0.585 -1 -0.979206 -0.704698 -1.15128
-0.584 -1 -0.98118 -0.703311 -1.15176
-0.583 -1 -0.983208 -0.701925 -1.15223
-0.582 -1 -0.985284 -0.700538 -1.1527
-0.581 -1 -0.987403 -0.699152 -1.15316
-0.58 -1 -0.98956 -0.697766 -1.15361
-0.579 -1 -0.99175 -0.696381 -1.15405
-0.578 -1 -0.993966 -0.694995 -1.15449
-0.577 -1 -0.996204 -0.69361 -1.15491
-0.576 -1 -0.998458 -0.692225 -1.15533
-0.575 -1 -1.00072 -0.69084 -1.15574
-0.574 -1 -1.00299 -0.689455 -1.15614
-0.573 -1 -1.00526 -0.688071 -1.15653
-0.572 -1 -1.00752 -0.686686 -1.15691
-0.571 -1 -1.00977 -0.685302 -1.15729
-0.57 -1 -1.012 -0.683918 -1.15765
-0.569 -1 -1.01421 -0.682535 -1.15801
-0.568 -1 -1.01638 -0.681151 -1.15836
-0.567 -1 -1.01853 -0.679768 -1.1587
-0.566 -1 -1.02063 -0.678384 -1.15903
-0.565 -1 -1.02269 -0.677002 -1.15935
-0.564 -1 -1.0247 -0.675619 -1.15967
-0.563 -1 -1.02666 -0.674236 -1.15997
-0.562 -1 -1.02855 -0.672854 -1.16027
-0.561 -1 -1.03038 -0.671472 -1.16055
-0.56 -1 -1.03214 -0.67009 -1.16083
-0.559 -1 -1.03383 -0.668708 -1.1611
-0.558 -1 -1.03544 -0.667326 -1.16136
-0.557 -1 -1.03697 -0.665945 -1.16161
-0.556 -1 -1.03841 -0.664564 -1.16186
-0.555 -1 -1.03976 -0.663183 -1.16209
-0.554 -1 -1.04102 -0.661802 -1.16231
-0.553 -1 -1.04219 -0.660421 -1.16253
-0.552 -1 -1.04325 -0.659041 -1.16273
-0.551 -1 -1.04422 -0.657661 -1.16293
-0.55 -1 -1.04508 -0.656281 -1.16312
-0.549 -1 -1.04583 -0.654901 -1.1633
-0.548 -1 -1.04648 -0.653521 -1.16347
-0.547 -1 -1.04702 -0.652142 -1.16363
-0.546 -1 -1.04744 -0.650762 -1.16378
-0.545 -1 -1.04776 -0.649383 -1.16392
-0.544 -1 -1.04796 -0.648004 -1.16405
-0.543 -1 -1.04804 -0.646626 -1.16417
-0.542 -1 -1.04802 -0.645247 -1.16428
-0.541 -1 -1.04787 -0.643869 -1.16439
-0.54 -1 -1.04762 -0.642491 -1.16448
-0.539 -1 -1.04725 -0.641113 -1.16457
-0.538 -1 -1.04676 -0.639735 -1.16464
-0.537 -1 -1.04617 -0.638358 -1.16471
-0.536 -1 -1.04546 -0.636981 -1.16476
-0.535 -1 -1.04464 -0.635603 -1.16481
-0.534 -1 -1.04372 -0.634227 -1.16485
-0.533 -1 -1.04269 -0.63285 -1.16487
-0.532 -1 -1.04155 -0.631473 -1.16489
-0.531 -1 -1.04032 -0.630097 -1.1649
-0.53 -1 -1.03898 -0.628721 -1.1649
-0.529 -1 -1.03755 -0.627345 -1.16489
-0.528 -1 -1.03603 -0.625969 -1.16486
-0.527 -1 -1.03442 -0.624594 -1.16483
-0.526 -1 -1.03272 -0.623218 -1.16479
-0.525 -1 -1.03094 -0.621843 -1.16474
-0.524 -1 -1.02909 -0.620468 -1.16468
-0.523 -1 -1.02716 -0.619093 -1.16461
-0.522 -1 -1.02516 -0.617719 -1.16453
-0.521 -1 -1.02309 -0.616345 -1.16444
-0.52 -1 -1.02097 -0.61497 -1.16434
-0.519 -1 -1.01879 -0.613596 -1.16423
-0.518 -1 -1.01656 -0.612223 -1.16411
-0.517 -1 -1.01428 -0.610849 -1.16398
-0.516 -1 -1.01196 -0.609476 -1.16384
-0.515 -1 -1.00961 -0.608102 -1.16369
-0.514 -1 -1.00723 -0.606729 -1.16353
-0.513 -1 -1.00482 -0.605357 -1.16336
-0.512 -1 -1.0024 -0.603984 -1.16318
-0.511 -1 -0.999954 -0.602612 -1.16299
-0.51 -1 -0.997505 -0.601239 -1.16279
-0.509 -1 -0.995053 -0.599867 -1.16258
-0.508 -1 -0.992604 -0.598495 -1.16236
-0.507 -1 -0.990162 -0.597124 -1.16213
-0.506 -1 -0.987735 -0.595752 -1.16188
-0.505 -1 -0.985326 -0.594381 -1.16163
-0.504 -1 -0.982942 -0.59301 -1.16137
-0.503 -1 -0.980588 -0.591639 -1.1611
-0.502 -1 -0.978269 -0.590269 -1.16082
-0.501 -1 -0.975991 -0.588898 -1.16053
-0.5 -1 -0.973758 -0.587528 -1.16022
-0.499 -1 -0.971577 -0.586158 -1.15991
-0.498 -1 -0.969451 -0.584788 -1.15959
-0.497 -1 -0.967386 -0.583418 -1.15925
-0.496 -1 -0.965386 -0.582049 -1.15891
-0.495 -1 -0.963456 -0.580679 -1.15856
-0.494 -1 -0.9616 -0.57931 -1.15819
-0.493 -1 -0.959823 -0.577941 -1.15782
-0.492 -1 -0.958129 -0.576573 -1.15743
-0.491 -1 -0.956521 -0.575204 -1.15704
-0.49 -1 -0.955004 -0.573836 -1.15663
-0.489 -1 -0.953581 -0.572468 -1.15621
-0.488 -1 -0.952255 -0.5711 -1.15579
-0.487 -1 -0.95103 -0.569732 -1.15535
-0.486 -1 -0.949908 -0.568364 -1.1549
-0.485 -1 -0.948892 -0.566997 -1.15444
-0.484 -1 -0.947985 -0.56563 -1.15397
-0.483 -1 -0.947189 -0.564263 -1.15349
-0.482 -1 -0.946505 -0.562896 -1.153
-0.481 -1 -0.945936 -0.56153 -1.1525
-0.48 -1 -0.945484 -0.560163 -1.15199
-0.479 -1 -0.945149 -0.558797 -1.15147
-0.478 -1 -0.944932 -0.557431 -1.15094
-0.477 -1 -0.944835 -0.556065 -1.1504
-0.476 -1 -0.944857 -0.5547 -1.14984
-0.475 -1 -0.945 -0.553334 -1.14928
-0.474 -1 -0.945262 -0.551969 -1.1487
-0.473 -1 -0.945645 -0.550604 -1.14812
-0.472 -1 -0.946147 -0.549239 -1.14752
-0.471 -1 -0.946767 -0.547875 -1.14692
-0.47 -1 -0.947505 -0.54651 -1.1463
-0.469 -1 -0.948359 -0.545146 -1.14567
-0.468 -1 -0.949329 -0.543782 -1.14503
-0.467 -1 -0.950411 -0.542418 -1.14438
-0.466 -1 -0.951604 -0.541055 -1.14372
-0.465 -1 -0.952906 -0.539691 -1.14305
-0.464 -1 -0.954315 -0.538328 -1.14237
-0.463 -1 -0.955827 -0.536965 -1.14168
-0.462 -1 -0.95744 -0.535602 -1.14098
-0.461 -1 -0.959151 -0.534239 -1.14026
-0.46 -1 -0.960956 -0.532877 -1.13954
-0.459 -1 -0.962851 -0.531514 -1.13881
-0.458 -1 -0.964834 -0.530152 -1.13806
-0.457 -1 -0.9669 -0.528791 -1.1373
-0.456 -1 -0.969044 -0.527429 -1.13654
-0.455 -1 -0.971264 -0.526067 -1.13576
-0.454 -1 -0.973553 -0.524706 -1.13497
-0.453 -1 -0.975909 -0.523345 -1.13417
-0.452 -1 -0.978325 -0.521984 -1.13336
-0.451 -1 -0.980797 -0.520623 -1.13254
-0.45 -1 -0.98332 -0.519263 -1.13171
-0.449 -1 -0.985889 -0.517902 -1.13087
-0.448 -1 -0.988499 -0.516542 -1.13001
-0.447 -1 -0.991144 -0.515182 -1.12915
-0.446 -1 -0.993818 -0.513823 -1.12827
-0.445 -1 -0.996518 -0.512463 -1.12739
-0.444 -1 -0.999236 -0.511104 -1.12649
-0.443 -1 -1.00197 -0.509745 -1.12559
-0.442 -1 -1.00471 -0.508386 -1.12467
-0.441 -1 -1.00745 -0.507027 -1.12374
-0.44 -1 -1.01019 -0.505668 -1.1228
-0.439 -1 -1.01291 -0.50431 -1.12185
-0.438 -1 -1.01563 -0.502952 -1.12089
-0.437 -1 -1.01832 -0.501594 -1.11992
-0.436 -1 -1.02099 -0.500236 -1.11893
-0.435 -1 -1.02362 -0.498878 -1.11794
-0.434 -1 -1.02622 -0.497521 -1.11693
-0.433 -1 -1.02877 -0.496164 -1.11592
-0.432 -1 -1.03128 -0.494807 -1.11489
-0.431 -1 -1.03373 -0.49345 -1.11386
-0.43 -1 -1.03612 -0.492093 -1.11281
-0.429 -1 -1.03845 -0.490737 -1.11175
-0.428 -1 -1.04071 -0.489381 -1.11068
-0.427 -1 -1.0429 -0.488025 -1.1096
-0.426 -1 -1.04501 -0.486669 -1.10851
-0.425 -1 -1.04704 -0.485313 -1.10741
-0.424 -1 -1.04898 -0.483958 -1.10629
-0.423 -1 -1.05082 -0.482603 -1.10517
-0.422 -1 -1.05257 -0.481247 -1.10404
-0.421 -1 -1.05423 -0.479893 -1.10289
-0.42 -1 -1.05577 -0.478538 -1.10173
-0.419 -1 -1.05721 -0.477183 -1.10057
-0.418 -1 -1.05855 -0.475829 -1.09939
-0.417 -1 -1.05976 -0.474475 -1.0982
-0.416 -1 -1.06087 -0.473121 -1.097
-0.415 -1 -1.06185 -0.471768 -1.09579
-0.414 -1 -1.06271 -0.470414 -1.09457
-0.413 -1 -1.06345 -0.469061 -1.09334
-0.412 -1 -1.06406 -0.467708 -1.0921
-0.411 -1 -1.06455 -0.466355 -1.09084
-0.41 -1 -1.06491 -0.465002 -1.08958
-0.409 -1 -1.06514 -0.46365 -1.0883
-0.408 -1 -1.06524 -0.462297 -1.08702
-0.407 -1 -1.0652 -0.460945 -1.08572
-0.406 -1 -1.06504 -0.459593 -1.08441
-0.405 -1 -1.06474 -0.458241 -1.08309
-0.404 -1 -1.06431 -0.45689 -1.08177
-0.403 -1 -1.06375 -0.455539 -1.08043
-0.402 -1 -1.06306 -0.454187 -1.07908
-0.401 -1 -1.06224 -0.452836 -1.07771
-0.4 -1 -1.06129 -0.451486 -1.07634
-0.399 -1 -1.06021 -0.450135 -1.07496
-0.398 -1 -1.059 -0.448785 -1.07357
-0.397 -1 -1.05768 -0.447435 -1.07216
-0.396 -1 -1.05623 -0.446085 -1.07075
-0.395 -1 -1.05466 -0.444735 -1.06932
-0.394 -1 -1.05297 -0.443385 -1.06788
-0.393 -1 -1.05117 -0.442036 -1.06644
-0.392 -1 -1.04926 -0.440687 -1.06498
-0.391 -1 -1.04724 -0.439338 -1.06351
-0.39 -1 -1.04512 -0.437989 -1.06203
-0.389 -1 -1.04289 -0.43664 -1.06054
-0.388 -1 -1.04057 -0.435292 -1.05904
-0.387 -1 -1.03816 -0.433943 -1.05753
-0.386 -1 -1.03566 -0.432595 -1.05601
-0.385 -1 -1.03307 -0.431248 -1.05448
-0.384 -1 -1.03041 -0.4299 -1.05293
-0.383 -1 -1.02767 -0.428553 -1.05138
-0.382 -1 -1.02487 -0.427205 -1.04981
-0.381 -1 -1.022 -0.425858 -1.04824
-0.38 -1 -1.01907 -0.424511 -1.04665
-0.379 -1 -1.01609 -0.423165 -1.04506
-0.378 -1 -1.01306 -0.421818 -1.04345
-0.377 -1 -1.00999 -0.420472 -1.04183
-0.376 -1 -1.00688 -0.419126 -1.0402
-0.375 -1 -1.00374 -0.41778 -1.03856
-0.374 -1 -1.00058 -0.416434 -1.03691
-0.373 -1 -0.997401 -0.415089 -1.03526
-0.372 -1 -0.994209 -0.413743 -1.03358
-0.371 -1 -0.991012 -0.412398 -1.0319
-0.37 -1 -0.987814 -0.411053 -1.03021
-0.369 -1 -0.984623 -0.409709 -1.02851
-0.368 -1 -0.981444 -0.408364 -1.0268
-0.367 -1 -0.978284 -0.40702 -1.02507
-0.366 -1 -0.975149 -0.405676 -1.02334
-0.365 -1 -0.972045 -0.404332 -1.0216
-0.364 -1 -0.968978 -0.402988 -1.01984
-0.363 -1 -0.965953 -0.401645 -1.01808
-0.362 -1 -0.962978 -0.400301 -1.0163
-0.361 -1 -0.960058 -0.398958 -1.01452
-0.36 -1 -0.957199 -0.397615 -1.01272
-0.359 -1 -0.954407 -0.396272 -1.01092
-0.358 -1 -0.951686 -0.39493 -1.0091
-0.357 -1 -0.949044 -0.393587 -1.00727
-0.356 -1 -0.946485 -0.392245 -1.00543
-0.355 -1 -0.944014 -0.390903 -1.00359
-0.354 -1 -0.941638 -0.389561 -1.00173
-0.353 -1 -0.939359 -0.38822 -0.999859
-0.352 -1 -0.937185 -0.386878 -0.99798
-0.351 -1 -0.935118 -0.385537 -0.996091
-0.35 -1 -0.933164 -0.384196 -0.994192
-0.349 -1 -0.931327 -0.382855 -0.992282
-0.348 -1 -0.929611 -0.381515 -0.990362
-0.347 -1 -0.92802 -0.380174 -0.988432
-0.346 -1 -0.926557 -0.378834 -0.986492
-0.345 -1 -0.925226 -0.377494 -0.984541
-0.344 -1 -0.92403 -0.376154 -0.98258
-0.343 -1 -0.922972 -0.374815 -0.98061
-0.342 -1 -0.922054 -0.373475 -0.978628
-0.341 -1 -0.92128 -0.372136 -0.976637
-0.34 -1 -0.920652 -0.370797 -0.974636
-0.339 -1 -0.92017 -0.369458 -0.972624
-0.338 -1 -0.919838 -0.368119 -0.970603
-0.337 -1 -0.919656 -0.366781 -0.968571
-0.336 -1 -0.919626 -0.365443 -0.96653
-0.335 -1 -0.919749 -0.364105 -0.964478
-0.334 -1 -0.920024 -0.362767 -0.962416
-0.333 -1 -0.920453 -0.361429 -0.960344
-0.332 -1 -0.921035 -0.360092 -0.958263
-0.331 -1 -0.921771 -0.358754 -0.956171
-0.33 -1 -0.922659 -0.357417 -0.954069
-0.329 -1 -0.923699 -0.35608 -0.951957
-0.328 -1 -0.924889 -0.354743 -0.949836
-0.327 -1 -0.926229 -0.353407 -0.947704
-0.326 -1 -0.927717 -0.352071 -0.945563
-0.325 -1 -0.929351 -0.350735 -0.943411
-0.324 -1 -0.931128 -0.349399 -0.94125
-0.323 -1 -0.933047 -0.348063 -0.939079
-0.322 -1 -0.935103 -0.346727 -0.936898
-0.321 -1 -0.937296 -0.345392 -0.934708
-0.32 -1 -0.93962 -0.344057 -0.932507
-0.319 -1 -0.942073 -0.342722 -0.930297
-0.318 -1 -0.94465 -0.341387 -0.928077
-0.317 -1 -0.947349 -0.340053 -0.925848
-0.316 -1 -0.950164 -0.338718 -0.923608
-0.315 -1 -0.953091 -0.337384 -0.921359
-0.314 -1 -0.956125 -0.33605 -0.9191
-0.313 -1 -0.959261 -0.334716 -0.916832
-0.312 -1 -0.962495 -0.333383 -0.914554
-0.311 -1 -0.96582 -0.332049 -0.912266
-0.31 -1 -0.969232 -0.330716 -0.909969
-0.309 -1 -0.972724 -0.329383 -0.907662
-0.308 -1 -0.976291 -0.32805 -0.905346
-0.307 -1 -0.979927 -0.326718 -0.90302
-0.306 -1 -0.983625 -0.325385 -0.900684
-0.305 -1 -0.987378 -0.324053 -0.898339
-0.304 -1 -0.991182 -0.322721 -0.895985
-0.303 -1 -0.995028 -0.321389 -0.893621
-0.302 -1 -0.99891 -0.320057 -0.891248
-0.301 -1 -1.00282 -0.318726 -0.888865
-0.3 -1 -1.00675 -0.317395 -0.886473
-0.299 -1 -1.0107 -0.316064 -0.884071
-0.298 -1 -1.01466 -0.314733 -0.88166
-0.297 -1 -1.01862 -0.313402 -0.87924
-0.296 -1 -1.02257 -0.312072 -0.876811
-0.295 -1 -1.02651 -0.310741 -0.874372
-0.294 -1 -1.03043 -0.309411 -0.871924
-0.293 -1 -1.03432 -0.308081 -0.869467
-0.292 -1 -1.03817 -0.306752 -0.867
-0.291 -1 -1.04198 -0.305422 -0.864525
-0.29 -1 -1.04575 -0.304093 -0.86204
-0.289 -1 -1.04945 -0.302764 -0.859546
-0.288 -1 -1.0531 -0.301435 -0.857043
-0.287 -1 -1.05667 -0.300106 -0.85453
-0.286 -1 -1.06016 -0.298778 -0.852009
-0.285 -1 -1.06357 -0.297449 -0.849479
-0.284 -1 -1.06689 -0.296121 -0.846939
-0.283 -1 -1.07012 -0.294793 -0.844391
-0.282 -1 -1.07323 -0.293466 -0.841834
-0.281 -1 -1.07624 -0.292138 -0.839267
-0.28 -1 -1.07913 -0.290811 -0.836692
-0.279 -1 -1.0819 -0.289484 -0.834108
-0.278 -1 -1.08454 -0.288157 -0.831515
-0.277 -1 -1.08704 -0.28683 -0.828913
-0.276 -1 -1.08941 -0.285503 -0.826302
-0.275 -1 -1.09163 -0.284177 -0.823682
-0.274 -1 -1.0937 -0.282851 -0.821054
-0.273 -1 -1.09561 -0.281525 -0.818417
-0.272 -1 -1.09737 -0.280199 -0.815771
-0.271 -1 -1.09896 -0.278873 -0.813116
-0.27 -1 -1.10039 -0.277548 -0.810453
-0.269 -1 -1.10164 -0.276223 -0.807781
-0.268 -1 -1.10272 -0.274898 -0.8051
-0.267 -1 -1.10362 -0.273573 -0.802411
-0.266 -1 -1.10434 -0.272248 -0.799713
-0.265 -1 -1.10488 -0.270924 -0.797006
-0.264 -1 -1.10523 -0.2696 -0.794291
-0.263 -1 -1.1054 -0.268276 -0.791568
-0.262 -1 -1.10537 -0.266952 -0.788836
-0.261 -1 -1.10515 -0.265628 -0.786095
-0.26 -1 -1.10474 -0.264305 -0.783347
-0.259 -1 -1.10414 -0.262981 -0.780589
-0.258 -1 -1.10334 -0.261658 -0.777824
-0.257 -1 -1.10235 -0.260336 -0.77505
-0.256 -1 -1.10117 -0.259013 -0.772267
-0.255 -1 -1.09979 -0.25769 -0.769477
-0.254 -1 -1.09823 -0.256368 -0.766678
-0.253 -1 -1.09647 -0.255046 -0.76387
-0.252 -1 -1.09452 -0.253724 -0.761055
-0.251 -1 -1.09239 -0.252402 -0.758231
-0.25 -1 -1.09007 -0.251081 -0.7554
-0.249 -1 -1.08757 -0.24976 -0.75256
-0.248 -1 -1.08488 -0.248439 -0.749712
-0.247 -1 -1.08203 -0.247118 -0.746856
-0.246 -1 -1.079 -0.245797 -0.743991
-0.245 -1 -1.0758 -0.244476 -0.741119
-0.244 -1 -1.07243 -0.243156 -0.738239
-0.243 -1 -1.06891 -0.241836 -0.735351
-0.242 -1 -1.06523 -0.240516 -0.732455
-0.241 -1 -1.0614 -0.239196 -0.729551
-0.24 -1 -1.05743 -0.237877 -0.726639
-0.239 -1 -1.05331 -0.236557 -0.723719
-0.238 -1 -1.04907 -0.235238 -0.720791
-0.237 -1 -1.04469 -0.233919 -0.717856
-0.236 -1 -1.0402 -0.232601 -0.714913
-0.235 -1 -1.03559 -0.231282 -0.711962
-0.234 -1 -1.03088 -0.229964 -0.709003
-0.233 -1 -1.02606 -0.228645 -0.706037
-0.232 -1 -1.02115 -0.227327 -0.703063
-0.231 -1 -1.01616 -0.22601 -0.700081
-0.23 -1 -1.0111 -0.224692 -0.697092
-0.229 -1 -1.00596 -0.223375 -0.694095
-0.228 -1 -1.00077 -0.222057 -0.691091
-0.227 -1 -0.995518 -0.22074 -0.688079
-0.226 -1 -0.990228 -0.219424 -0.68506
-0.225 -1 -0.984903 -0.218107 -0.682033
-0.224 -1 -0.979553 -0.216791 -0.678999
-0.223 -1 -0.974186 -0.215474 -0.675957
-0.222 -1 -0.968811 -0.214158 -0.672908
-0.221 -1 -0.963439 -0.212842 -0.669852
-0.22 -1 -0.958077 -0.211527 -0.666788
-0.219 -1 -0.952736 -0.210211 -0.663718
-0.218 -1 -0.947425 -0.208896 -0.66064
-0.217 -1 -0.942153 -0.207581 -0.657554
-0.216 -1 -0.936929 -0.206266 -0.654462
-0.215 -1 -0.931763 -0.204952 -0.651362
-0.214 -1 -0.926665 -0.203637 -0.648256
-0.213 -1 -0.921643 -0.202323 -0.645142
-0.212 -1 -0.916708 -0.201009 -0.642021
-0.211 -1 -0.911868 -0.199695 -0.638893
-0.21 -1 -0.907133 -0.198381 -0.635758
-0.209 -1 -0.902512 -0.197068 -0.632617
-0.208 -1 -0.898014 -0.195754 -0.629468
-0.207 -1 -0.893647 -0.194441 -0.626312
-0.206 -1 -0.889422 -0.193128 -0.62315
-0.205 -1 -0.885345 -0.191816 -0.619981
-0.204 -1 -0.881426 -0.190503 -0.616805
-0.203 -1 -0.877674 -0.189191 -0.613622
-0.202 -1 -0.874096 -0.187879 -0.610432
-0.201 -1 -0.8707 -0.186567 -0.607236
-0.2 -1 -0.867494 -0.185255 -0.604033
-0.199 -1 -0.864485 -0.183943 -0.600824
-0.198 -1 -0.861681 -0.182632 -0.597608
-0.197 -1 -0.859089 -0.181321 -0.594385
-0.196 -1 -0.856714 -0.18001 -0.591156
-0.195 -1 -0.854565 -0.178699 -0.58792
-0.194 -1 -0.852647 -0.177389 -0.584678
-0.193 -1 -0.850965 -0.176078 -0.581429
-0.192 -1 -0.849525 -0.174768 -0.578174
-0.191 -1 -0.848333 -0.173458 -0.574913
-0.19 -1 -0.847393 -0.172148 -0.571645
-0.189 -1 -0.84671 -0.170839 -0.568371
-0.188 -1 -0.846288 -0.169529 -0.565091
-0.187 -1 -0.84613 -0.16822 -0.561804
-0.186 -1 -0.84624 -0.166911 -0.558511
-0.185 -1 -0.84662 -0.165602 -0.555212
-0.184 -1 -0.847275 -0.164294 -0.551907
-0.183 -1 -0.848204 -0.162985 -0.548596
-0.182 -1 -0.849412 -0.161677 -0.545279
-0.181 -1 -0.850897 -0.160369 -0.541956
-0.18 -1 -0.852663 -0.159061 -0.538626
-0.179 -1 -0.854708 -0.157754 -0.535291
-0.178 -1 -0.857034 -0.156446 -0.53195
-0.177 -1 -0.859639 -0.155139 -0.528603
-0.176 -1 -0.862523 -0.153832 -0.52525
-0.175 -1 -0.865685 -0.152525 -0.521891
-0.174 -1 -0.869122 -0.151218 -0.518527
-0.173 -1 -0.872833 -0.149912 -0.515156
-0.172 -1 -0.876815 -0.148606 -0.51178
-0.171 -1 -0.881065 -0.147299 -0.508399
-0.17 -1 -0.885579 -0.145994 -0.505011
-0.169 -1 -0.890353 -0.144688 -0.501618
-0.168 -1 -0.895384 -0.143382 -0.49822
-0.167 -1 -0.900665 -0.142077 -0.494816
-0.166 -1 -0.906191 -0.140772 -0.491406
-0.165 -1 -0.911958 -0.139467 -0.487991
-0.164 -1 -0.917958 -0.138162 -0.48457
-0.163 -1 -0.924184 -0.136858 -0.481144
-0.162 -1 -0.930631 -0.135554 -0.477713
-0.161 -1 -0.937289 -0.134249 -0.474276
-0.16 -1 -0.944152 -0.132945 -0.470834
-0.159 -1 -0.95121 -0.131642 -0.467387
-0.158 -1 -0.958456 -0.130338 -0.463935
-0.157 -1 -0.965879 -0.129035 -0.460477
-0.156 -1 -0.97347 -0.127732 -0.457014
-0.155 -1 -0.98122 -0.126429 -0.453546
-0.154 -1 -0.989117 -0.125126 -0.450073
-0.153 -1 -0.997152 -0.123823 -0.446595
-0.152 -1 -1.00531 -0.122521 -0.443112
-0.151 -1 -1.01359 -0.121219 -0.439624
-0.15 -1 -1.02197 -0.119917 -0.436131
-0.149 -1 -1.03044 -0.118615 -0.432633
-0.148 -1 -1.03898 -0.117313 -0.42913
-0.147 -1 -1.0476 -0.116012 -0.425623
-0.146 -1 -1.05627 -0.114711 -0.42211
-0.145 -1 -1.06497 -0.11341 -0.418593
-0.144 -1 -1.07371 -0.112109 -0.415071
-0.143 -1 -1.08245 -0.110808 -0.411544
-0.142 -1 -1.0912 -0.109508 -0.408013
-0.141 -1 -1.09993 -0.108208 -0.404477
-0.14 -1 -1.10863 -0.106908 -0.400937
-0.139 -1 -1.11729 -0.105608 -0.397392
-0.138 -1 -1.12589 -0.104308 -0.393842
-0.137 -1 -1.13441 -0.103009 -0.390288
-0.136 -1 -1.14285 -0.10171 -0.38673
-0.135 -1 -1.15119 -0.100411 -0.383167
-0.134 -1 -1.1594 -0.0991117 -0.3796
-0.133 -1 -1.16749 -0.097813 -0.376029
-0.132 -1 -1.17542 -0.0965146 -0.372453
-0.131 -1 -1.1832 -0.0952163 -0.368873
-0.13 -1 -1.19079 -0.0939182 -0.365289
-0.129 -1 -1.19819 -0.0926203 -0.3617
-0.128 -1 -1.20538 -0.0913226 -0.358108
-0.127 -1 -1.21235 -0.0900251 -0.354511
-0.126 -1 -1.21908 -0.0887278 -0.350911
-0.125 -1 -1.22555 -0.0874307 -0.347306
-0.124 -1 -1.23176 -0.0861338 -0.343697
-0.123 -1 -1.23768 -0.0848371 -0.340085
-0.122 -1 -1.2433 -0.0835406 -0.336468
-0.121 -1 -1.24861 -0.0822443 -0.332848
-0.12 -1 -1.25359 -0.0809481 -0.329224
-0.119 -1 -1.25823 -0.0796522 -0.325596
-0.118 -1 -1.26252 -0.0783565 -0.321964
-0.117 -1 -1.26644 -0.0770609 -0.318329
-0.116 -1 -1.26997 -0.0757656 -0.314689
-0.115 -1 -1.27311 -0.0744704 -0.311047
-0.114 -1 -1.27584 -0.0731755 -0.3074
-0.113 -1 -1.27815 -0.0718807 -0.30375
-0.112 -1 -1.28003 -0.0705861 -0.300097
-0.111 -1 -1.28146 -0.0692918 -0.29644
-0.11 -1 -1.28243 -0.0679976 -0.29278
-0.109 -1 -1.28294 -0.0667036 -0.289116
-0.108 -1 -1.28296 -0.0654098 -0.285449
-0.107 -1 -1.2825 -0.0641162 -0.281778
-0.106 -1 -1.28154 -0.0628228 -0.278104
-0.105 -1 -1.28007 -0.0615296 -0.274427
-0.104 -1 -1.27808 -0.0602366 -0.270747
-0.103 -1 -1.27556 -0.0589438 -0.267064
-0.102 -1 -1.2725 -0.0576512 -0.263377
-0.101 -1 -1.26891 -0.0563588 -0.259687
-0.1 -1 -1.26476 -0.0550665 -0.255995
-0.099 -1 -1.26005 -0.0537745 -0.252299
-0.098 -1 -1.25478 -0.0524827 -0.2486
-0.097 -1 -1.24894 -0.051191 -0.244898
-0.096 -1 -1.24252 -0.0498996 -0.241194
-0.095 -1 -1.23553 -0.0486083 -0.237486
-0.094 -1 -1.22794 -0.0473173 -0.233776
-0.093 -1 -1.21977 -0.0460264 -0.230063
-0.092 -1 -1.21101 -0.0447357 -0.226347
-0.091 -1 -1.20165 -0.0434453 -0.222628
-0.09 -1 -1.1917 -0.042155 -0.218907
-0.089 -1 -1.18115 -0.0408649 -0.215183
-0.088 -1 -1.17 -0.039575 -0.211457
-0.087 -1 -1.15825 -0.0382853 -0.207728
-0.086 -1 -1.1459 -0.0369959 -0.203996
-0.085 -1 -1.13295 -0.0357066 -0.200262
-0.084 -1 -1.11941 -0.0344174 -0.196526
-0.083 -1 -1.10527 -0.0331285 -0.192787
-0.082 -1 -1.09054 -0.0318398 -0.189046
-0.081 -1 -1.07522 -0.0305513 -0.185302
-0.08 -1 -1.05932 -0.029263 -0.181557
-0.079 -1 -1.04283 -0.0279749 -0.177809
-0.078 -1 -1.02577 -0.0266869 -0.174058
-0.077 -1 -1.00813 -0.0253992 -0.170306
-0.076 -1 -0.989935 -0.0241116 -0.166552
-0.075 -1 -0.971178 -0.0228243 -0.162795
-0.074 -1 -0.951871 -0.0215371 -0.159036
-0.073 -1 -0.93202 -0.0202502 -0.155276
-0.072 -1 -0.911634 -0.0189634 -0.151513
-0.071 -1 -0.890722 -0.0176768 -0.147749
-0.07 -1 -0.869293 -0.0163905 -0.143982
-0.069 -1 -0.847358 -0.0151043 -0.140214
-0.068 -1 -0.824925 -0.0138183 -0.136444
-0.067 -1 -0.802007 -0.0125325 -0.132672
-0.066 -1 -0.778615 -0.0112469 -0.128899
-0.065 -1 -0.754761 -0.00996154 -0.125123
-0.064 -1 -0.730456 -0.00867634 -0.121347
-0.063 -1 -0.705714 -0.00739133 -0.117568
-0.062 -1 -0.680548 -0.00610652 -0.113788
-0.061 -1 -0.654972 -0.0048219 -0.110007
-0.06 -1 -0.629 -0.00353748 -0.106224
-0.059 -1 -0.602646 -0.00225325 -0.102439
-0.058 -1 -0.575926 -0.000969222 -0.0986533
-0.057 -1 -0.548854 0.000314614 -0.094866
-0.056 -1 -0.521447 0.00159826 -0.0910775
-0.055 -1 -0.49372 0.0028817 -0.0872876
-0.054 -1 -0.46569 0.00416495 -0.0834966
-0.053 -1 -0.437373 0.00544801 -0.0797043
-0.052 -1 -0.408787 0.00673087 -0.0759108
-0.051 -1 -0.379948 0.00801353 -0.0721163
-0.05 -1 -0.350874 0.009296 -0.0683206
-0.049 -1 -0.321583 0.0105783 -0.0645239
-0.048 -1 -0.292093 0.0118604 -0.0607262
-0.047 -1 -0.262422 0.0131422 -0.0569276
-0.046 -1 -0.232588 0.0144239 -0.053128
-0.045 -1 -0.20261 0.0157054 -0.0493275
-0.044 -1 -0.172507 0.0169867 -0.0455262
-0.043 -1 -0.142297 0.0182678 -0.0417241
-0.042 -1 -0.111999 0.0195487 -0.0379213
-0.041 -1 -0.0816329 0.0208295 -0.0341177
-0.04 -1 -0.0512168 0.02211 -0.0303134
-0.039 -1 -0.0207701 0.0233903 -0.0265085
-0.038 -1 0.00968803 0.0246704 -0.022703
-0.037 -1 0.0401384 0.0259504 -0.018897
-0.036 -1 0.0705618 0.0272301 -0.0150904
-0.035 -1 0.100939 0.0285096 -0.0112833
-0.034 -1 0.131252 0.029789 -0.00747583
-0.033 -1 0.16148 0.0310681 -0.00366794
-0.032 -1 0.191605 0.0323471 0.000140308
-0.031 -1 0.221609 0.0336259 0.00394888
-0.03 -1 0.251472 0.0349044 0.00775772
-0.029 -1 0.281177 0.0361828 0.0115668
-0.028 -1 0.310704 0.037461 0.0153761
-0.027 -1 0.340036 0.038739 0.0191855
-0.026 -1 0.369154 0.0400168 0.0229951
-0.025 -1 0.398042 0.0412943 0.0268047
-0.024 -1 0.426681 0.0425717 0.0306143
-0.023 -1 0.455054 0.0438489 0.034424
-0.022 -1 0.483145 0.0451259 0.0382336
-0.021 -1 0.510936 0.0464028 0.0420431
-0.02 -1 0.538412 0.0476794 0.0458525
-0.019 -1 0.565557 0.0489558 0.0496617
-0.018 -1 0.592354 0.050232 0.0534707
-0.017 -1 0.61879 0.0515081 0.0572795
-0.016 -1 0.644847 0.0527839 0.0610879
-0.015 -1 0.670514 0.0540595 0.0648961
-0.014 -1 0.695774 0.055335 0.0687039
-0.013 -1 0.720615 0.0566102 0.0725112
-0.012 -1 0.745023 0.0578853 0.0763181
-0.011 -1 0.768985 0.0591601 0.0801246
-0.01 -1 0.79249 0.0604348 0.0839304
-0.009 -1 0.815525 0.0617093 0.0877358
-0.008 -1 0.838079 0.0629836 0.0915405
-0.007 -1 0.860142 0.0642576 0.0953445
-0.006 -1 0.881702 0.0655315 0.0991479
-0.005 -1 0.90275 0.0668052 0.102951
-0.004 -1 0.923276 0.0680787 0.106752
-0.003 -1 0.943272 0.069352 0.110553
-0.002 -1 0.96273 0.0706251 0.114354
-0.001 -1 0.981642 0.071898 0.118153
0 0 1 0.0731707 0.121951
0.001 1 1.0178 0.0744433 0.125749
0.002 1 1.03503 0.0757156 0.129545
0.003 1 1.05169 0.0769877 0.13334
0.004 1 1.06778 0.0782596 0.137134
0.005 1 1.08328 0.0795314 0.140928
0.006 1 1.0982 0.0808029 0.144719
0.007 1 1.11253 0.0820743 0.14851
0.008 1 1.12627 0.0833454 0.1523
0.009 1 1.13942 0.0846164 0.156088
0.01 1 1.15198 0.0858871 0.159874
0.011 1 1.16394 0.0871577 0.16366
0.012 1 1.1753 0.0884281 0.167444
0.013 1 1.18607 0.0896983 0.171226
0.014 1 1.19625 0.0909682 0.175007
0.015 1 1.20584 0.092238 0.178787
0.016 1 1.21483 0.0935076 0.182565
0.017 1 1.22324 0.094777 0.186341
0.018 1 1.23106 0.0960462 0.190116
0.019 1 1.2383 0.0973152 0.193889
0.02 1 1.24496 0.098584 0.19766
0.021 1 1.25105 0.0998527 0.201429
0.022 1 1.25658 0.101121 0.205197
0.023 1 1.26154 0.102389 0.208963
0.024 1 1.26594 0.103657 0.212726
0.025 1 1.2698 0.104925 0.216488
0.026 1 1.27312 0.106193 0.220248
0.027 1 1.2759 0.10746 0.224006
0.028 1 1.27816 0.108728 0.227762
0.029 1 1.2799 0.109995 0.231516
0.03 1 1.28113 0.111261 0.235267
0.031 1 1.28186 0.112528 0.239017
0.032 1 1.28211 0.113795 0.242764
0.033 1 1.28187 0.115061 0.246509
0.034 1 1.28117 0.116327 0.250252
0.035 1 1.28001 0.117593 0.253992
0.036 1 1.27841 0.118858 0.25773
0.037 1 1.27637 0.120124 0.261465
0.038 1 1.27391 0.121389 0.265198
0.039 1 1.27104 0.122654 0.268929
0.04 1 1.26777 0.123919 0.272657
0.041 1 1.26412 0.125184 0.276382
0.042 1 1.2601 0.126449 0.280105
0.043 1 1.25572 0.127713 0.283825
0.044 1 1.251 0.128977 0.287543
0.045 1 1.24594 0.130241 0.291258
0.046 1 1.24057 0.131505 0.29497
0.047 1 1.2349 0.132768 0.298679
0.048 1 1.22894 0.134032 0.302385
0.049 1 1.2227 0.135295 0.306088
0.05 1 1.21621 0.136558 0.309789
0.051 1 1.20947 0.13782 0.313486
0.052 1 1.2025 0.139083 0.317181
0.053 1 1.19532 0.140345 0.320872
0.054 1 1.18794 0.141608 0.324561
0.055 1 1.18037 0.14287 0.328246
0.056 1 1.17264 0.144131 0.331928
0.057 1 1.16475 0.145393 0.335607
0.058 1 1.15671 0.146654 0.339283
0.059 1 1.14856 0.147915 0.342955
0.06 1 1.14029 0.149177 0.346624
0.061 1 1.13192 0.150437 0.35029
0.062 1 1.12347 0.151698 0.353952
0.063 1 1.11496 0.152958 0.357611
0.064 1 1.10639 0.154219 0.361266
0.065 1 1.09779 0.155479 0.364918
0.066 1 1.08916 0.156738 0.368566
0.067 1 1.08052 0.157998 0.372211
0.068 1 1.07188 0.159258 0.375852
0.069 1 1.06325 0.160517 0.379489
0.07 1 1.05466 0.161776 0.383123
0.071 1 1.04611 0.163035 0.386753
0.072 1 1.03762 0.164293 0.390379
0.073 1 1.02919 0.165552 0.394001
0.074 1 1.02084 0.16681 0.39762
0.075 1 1.01258 0.168068 0.401234
0.076 1 1.00443 0.169326 0.404845
0.077 1 0.996392 0.170584 0.408452
0.078 1 0.988479 0.171841 0.412054
0.079 1 0.980702 0.173099 0.415653
0.08 1 0.973072 0.174356 0.419247
0.081 1 0.965599 0.175613 0.422838
0.082 1 0.958291 0.176869 0.426424
0.083 1 0.951159 0.178126 0.430006
0.084 1 0.94421 0.179382 0.433583
0.085 1 0.937455 0.180638 0.437157
0.086 1 0.930899 0.181894 0.440726
0.087 1 0.924552 0.18315 0.444291
0.088 1 0.91842 0.184405 0.447851
0.089 1 0.91251 0.185661 0.451407
0.09 1 0.906829 0.186916 0.454958
0.091 1 0.901382 0.188171 0.458505
0.092 1 0.896175 0.189426 0.462048
0.093 1 0.891213 0.19068 0.465586
0.094 1 0.886501 0.191935 0.469119
0.095 1 0.882044 0.193189 0.472647
0.096 1 0.877844 0.194443 0.476171
0.097 1 0.873905 0.195697 0.47969
0.098 1 0.870231 0.19695 0.483205
0.099 1 0.866823 0.198204 0.486714
0.1 1 0.863684 0.199457 0.490219
0.101 1 0.860815 0.20071 0.493719
0.102 1 0.858218 0.201963 0.497214
0.103 1 0.855894 0.203215 0.500704
0.104 1 0.853842 0.204468 0.504189
0.105 1 0.852063 0.20572 0.507668
0.106 1 0.850556 0.206972 0.511143
0.107 1 0.849321 0.208224 0.514613
0.108 1 0.848356 0.209475 0.518078
0.109 1 0.847659 0.210727 0.521537
0.11 1 0.847228 0.211978 0.524991
0.111 1 0.847061 0.213229 0.52844
0.112 1 0.847155 0.21448 0.531884
0.113 1 0.847507 0.215731 0.535322
0.114 1 0.848112 0.216981 0.538756
0.115 1 0.848969 0.218231 0.542183
0.116 1 0.850071 0.219481 0.545605
0.117 1 0.851414 0.220731 0.549022
0.118 1 0.852994 0.221981 0.552433
0.119 1 0.854805 0.223231 0.555839
0.12 1 0.856841 0.22448 0.559239
0.121 1 0.859097 0.225729 0.562634
0.122 1 0.861567 0.226978 0.566023
0.123 1 0.864244 0.228227 0.569406
0.124 1 0.867122 0.229475 0.572783
0.125 1 0.870193 0.230723 0.576155
0.126 1 0.873451 0.231972 0.579521
0.127 1 0.876888 0.233219 0.582881
0.128 1 0.880496 0.234467 0.586235
0.129 1 0.884269 0.235715 0.589584
0.13 1 0.888197 0.236962 0.592926
0.131 1 0.892274 0.238209 0.596263
0.132 1 0.89649 0.239456 0.599593
0.133 1 0.900837 0.240703 0.602918
0.134 1 0.905307 0.24195 0.606236
0.135 1 0.90989 0.243196 0.609548
0.136 1 0.91458 0.244442 0.612855
0.137 1 0.919366 0.245688 0.616154
0.138 1 0.924239 0.246934 0.619448
0.139 1 0.929192 0.248179 0.622736
0.14 1 0.934214 0.249425 0.626017
0.141 1 0.939297 0.25067 0.629292
0.142 1 0.944432 0.251915 0.632561
0.143 1 0.949609 0.25316 0.635823
0.144 1 0.954821 0.254404 0.639079
0.145 1 0.960057 0.255649 0.642328
0.146 1 0.96531 0.256893 0.645571
0.147 1 0.970569 0.258137 0.648807
0.148 1 0.975827 0.259381 0.652037
0.149 1 0.981075 0.260625 0.655261
0.15 1 0.986303 0.261868 0.658477
0.151 1 0.991504 0.263111 0.661687
0.152 1 0.996669 0.264354 0.664891
0.153 1 1.00179 0.265597 0.668087
0.154 1 1.00686 0.26684 0.671277
0.155 1 1.01187 0.268082 0.67446
0.156 1 1.01681 0.269325 0.677636
0.157 1 1.02167 0.270567 0.680806
0.158 1 1.02646 0.271809 0.683968
0.159 1 1.03115 0.27305 0.687124
0.16 1 1.03574 0.274292 0.690273
0.161 1 1.04023 0.275533 0.693414
0.162 1 1.04461 0.276774 0.696549
0.163 1 1.04888 0.278015 0.699677
0.164 1 1.05302 0.279256 0.702797
0.165 1 1.05703 0.280496 0.705911
0.166 1 1.0609 0.281737 0.709017
0.167 1 1.06464 0.282977 0.712116
0.168 1 1.06823 0.284217 0.715208
0.169 1 1.07168 0.285456 0.718293
0.17 1 1.07496 0.286696 0.721371
0.171 1 1.07809 0.287935 0.724441
0.172 1 1.08106 0.289175 0.727503
0.173 1 1.08386 0.290413 0.730559
0.174 1 1.0865 0.291652 0.733607
0.175 1 1.08896 0.292891 0.736648
0.176 1 1.09124 0.294129 0.739681
0.177 1 1.09335 0.295367 0.742707
0.178 1 1.09528 0.296605 0.745725
0.179 1 1.09703 0.297843 0.748735
0.18 1 1.09859 0.299081 0.751738
0.181 1 1.09998 0.300318 0.754734
0.182 1 1.10117 0.301555 0.757722
0.183 1 1.10218 0.302792 0.760702
0.184 1 1.10301 0.304029 0.763674
0.185 1 1.10365 0.305266 0.766639
0.186 1 1.10411 0.306502 0.769596
0.187 1 1.10438 0.307738 0.772545
0.188 1 1.10447 0.308974 0.775486
0.189 1 1.10437 0.31021 0.778419
0.19 1 1.1041 0.311446 0.781345
0.191 1 1.10365 0.312681 0.784263
0.192 1 1.10302 0.313917 0.787172
0.193 1 1.10221 0.315152 0.790074
0.194 1 1.10124 0.316387 0.792968
0.195 1 1.1001 0.317621 0.795853
0.196 1 1.09879 0.318856 0.798731
0.197 1 1.09732 0.32009 0.8016
0.198 1 1.09569 0.321324 0.804462
0.199 1 1.09391 0.322558 0.807315
0.2 1 1.09198 0.323792 0.81016
0.201 1 1.08991 0.325025 0.812997
0.202 1 1.08769 0.326258 0.815826
0.203 1 1.08534 0.327491 0.818646
0.204 1 1.08285 0.328724 0.821458
0.205 1 1.08024 0.329957 0.824262
0.206 1 1.07751 0.33119 0.827057
0.207 1 1.07467 0.332422 0.829844
0.208 1 1.07172 0.333654 0.832623
0.209 1 1.06866 0.334886 0.835393
0.21 1 1.0655 0.336118 0.838154
0.211 1 1.06226 0.337349 0.840908
0.212 1 1.05893 0.338581 0.843652
0.213 1 1.05552 0.339812 0.846388
0.214 1 1.05204 0.341043 0.849116
0.215 1 1.04849 0.342274 0.851835
0.216 1 1.04489 0.343504 0.854545
0.217 1 1.04123 0.344734 0.857247
0.218 1 1.03753 0.345965 0.85994
0.219 1 1.03378 0.347195 0.862624
0.22 1 1.03001 0.348424 0.8653
0.221 1 1.02621 0.349654 0.867966
0.222 1 1.02239 0.350883 0.870624
0.223 1 1.01855 0.352113 0.873274
0.224 1 1.01472 0.353342 0.875914
0.225 1 1.01088 0.35457 0.878545
0.226 1 1.00705 0.355799 0.881168
0.227 1 1.00324 0.357027 0.883782
0.228 1 0.999446 0.358256 0.886386
0.229 1 0.99568 0.359484 0.888982
0.23 1 0.991949 0.360712 0.891569
0.231 1 0.988257 0.361939 0.894146
0.232 1 0.984612 0.363167 0.896715
0.233 1 0.981019 0.364394 0.899275
0.234 1 0.977484 0.365621 0.901825
0.235 1 0.974013 0.366848 0.904366
0.236 1 0.970611 0.368074 0.906899
0.237 1 0.967285 0.369301 0.909422
0.238 1 0.96404 0.370527 0.911935
0.239 1 0.96088 0.371753 0.91444
0.24 1 0.95781 0.372979 0.916935
0.241 1 0.954836 0.374205 0.919422
0.242 1 0.951963 0.37543 0.921898
0.243 1 0.949193 0.376656 0.924366
0.244 1 0.946532 0.377881 0.926824
0.245 1 0.943984 0.379106 0.929273
0.246 1 0.941553 0.38033 0.931712
0.247 1 0.939242 0.381555 0.934142
0.248 1 0.937053 0.382779 0.936563
0.249 1 0.934992 0.384003 0.938974
0.25 1 0.93306 0.385227 0.941375
0.251 1 0.93126 0.386451 0.943767
0.252 1 0.929594 0.387675 0.94615
0.253 1 0.928065 0.388898 0.948523
0.254 1 0.926674 0.390121 0.950886
0.255 1 0.925423 0.391344 0.95324
0.256 1 0.924314 0.392567 0.955584
0.257 1 0.923348 0.393789 0.957919
0.258 1 0.922525 0.395012 0.960244
0.259 1 0.921846 0.396234 0.962559
0.26 1 0.921312 0.397456 0.964864
0.261 1 0.920922 0.398678 0.96716
0.262 1 0.920677 0.399899 0.969446
0.263 1 0.920576 0.401121 0.971723
0.264 1 0.920619 0.402342 0.973989
0.265 1 0.920804 0.403563 0.976246
0.266 1 0.921131 0.404784 0.978492
0.267 1 0.921598 0.406004 0.980729
0.268 1 0.922204 0.407225 0.982957
0.269 1 0.922946 0.408445 0.985174
0.27 1 0.923823 0.409665 0.987381
0.271 1 0.924832 0.410885 0.989578
0.272 1 0.925972 0.412104 0.991766
0.273 1 0.927238 0.413324 0.993943
0.274 1 0.928629 0.414543 0.99611
0.275 1 0.93014 0.415762 0.998268
0.276 1 0.93177 0.416981 1.00042
0.277 1 0.933513 0.4182 1.00255
0.278 1 0.935367 0.419418 1.00468
0.279 1 0.937327 0.420636 1.0068
0.28 1 0.93939 0.421855 1.0089
0.281 1 0.941551 0.423072 1.011
0.282 1 0.943806 0.42429 1.01309
0.283 1 0.94615 0.425508 1.01516
0.284 1 0.948579 0.426725 1.01723
0.285 1 0.951087 0.427942 1.01929
0.286 1 0.953671 0.429159 1.02133
0.287 1 0.956324 0.430376 1.02337
0.288 1 0.959042 0.431592 1.02539
0.289 1 0.96182 0.432809 1.02741
0.29 1 0.964651 0.434025 1.02941
0.291 1 0.967532 0.435241 1.03141
0.292 1 0.970455 0.436456 1.03339
0.293 1 0.973417 0.437672 1.03537
0.294 1 0.976411 0.438887 1.03733
0.295 1 0.979431 0.440102 1.03928
0.296 1 0.982473 0.441317 1.04123
0.297 1 0.98553 0.442532 1.04316
0.298 1 0.988597 0.443747 1.04508
0.299 1 0.991668 0.444961 1.04699
0.3 1 0.994738 0.446175 1.04889
0.301 1 0.9978 0.447389 1.05078
0.302 1 1.00085 0.448603 1.05266
0.303 1 1.00388 0.449817 1.05453
0.304 1 1.00689 0.45103 1.05639
0.305 1 1.00987 0.452243 1.05824
0.306 1 1.01282 0.453456 1.06008
0.307 1 1.01572 0.454669 1.0619
0.308 1 1.01859 0.455882 1.06372
0.309 1 1.0214 0.457094 1.06553
0.31 1 1.02416 0.458306 1.06732
0.311 1 1.02685 0.459518 1.06911
0.312 1 1.02949 0.46073 1.07088
0.313 1 1.03205 0.461942 1.07265
0.314 1 1.03455 0.463153 1.0744
0.315 1 1.03696 0.464364 1.07614
0.316 1 1.0393 0.465576 1.07787
0.317 1 1.04155 0.466786 1.07959
0.318 1 1.04371 0.467997 1.0813
0.319 1 1.04578 0.469208 1.083
0.32 1 1.04775 0.470418 1.08469
0.321 1 1.04962 0.471628 1.08637
0.322 1 1.05139 0.472838 1.08804
0.323 1 1.05306 0.474047 1.08969
0.324 1 1.05462 0.475257 1.09134
0.325 1 1.05606 0.476466 1.09297
0.326 1 1.0574 0.477675 1.0946
0.327 1 1.05862 0.478884 1.09621
0.328 1 1.05973 0.480093 1.09781
0.329 1 1.06071 0.481301 1.0994
0.33 1 1.06158 0.48251 1.10098
0.331 1 1.06233 0.483718 1.10255
0.332 1 1.06296 0.484926 1.10411
0.333 1 1.06346 0.486134 1.10566
0.334 1 1.06385 0.487341 1.1072
0.335 1 1.06411 0.488548 1.10872
0.336 1 1.06425 0.489756 1.11024
0.337 1 1.06426 0.490963 1.11174
0.338 1 1.06416 0.492169 1.11323
0.339 1 1.06393 0.493376 1.11472
0.34 1 1.06359 0.494582 1.11619
0.341 1 1.06312 0.495788 1.11765
0.342 1 1.06254 0.496994 1.1191
0.343 1 1.06184 0.4982 1.12054
0.344 1 1.06103 0.499406 1.12196
0.345 1 1.06011 0.500611 1.12338
0.346 1 1.05907 0.501816 1.12478
0.347 1 1.05793 0.503021 1.12618
0.348 1 1.05669 0.504226 1.12756
0.349 1 1.05534 0.505431 1.12893
0.35 1 1.05389 0.506635 1.13029
0.351 1 1.05234 0.50784 1.13164
0.352 1 1.05071 0.509044 1.13298
0.353 1 1.04898 0.510247 1.13431
0.354 1 1.04717 0.511451 1.13563
0.355 1 1.04527 0.512654 1.13693
0.356 1 1.0433 0.513858 1.13823
0.357 1 1.04125 0.515061 1.13951
0.358 1 1.03914 0.516264 1.14078
0.359 1 1.03695 0.517466 1.14204
0.36 1 1.03471 0.518669 1.14329
0.361 1 1.03241 0.519871 1.14453
0.362 1 1.03006 0.521073 1.14576
0.363 1 1.02766 0.522275 1.14698
0.364 1 1.02521 0.523477 1.14818
0.365 1 1.02273 0.524678 1.14938
0.366 1 1.02022 0.52588 1.15056
0.367 1 1.01768 0.527081 1.15173
0.368 1 1.01511 0.528282 1.15289
0.369 1 1.01253 0.529482 1.15404
0.37 1 1.00994 0.530683 1.15518
0.371 1 1.00733 0.531883 1.15631
0.372 1 1.00473 0.533083 1.15742
0.373 1 1.00212 0.534283 1.15853
0.374 1 0.999526 0.535483 1.15962
0.375 1 0.996941 0.536682 1.16071
0.376 1 0.994373 0.537882 1.16178
0.377 1 0.991828 0.539081 1.16284
0.378 1 0.989309 0.54028 1.16389
0.379 1 0.986822 0.541479 1.16492
0.38 1 0.984371 0.542677 1.16595
0.381 1 0.981961 0.543876 1.16697
0.382 1 0.979597 0.545074 1.16797
0.383 1 0.977283 0.546272 1.16896
0.384 1 0.975024 0.54747 1.16995
0.385 1 0.972823 0.548667 1.17092
0.386 1 0.970685 0.549865 1.17187
0.387 1 0.968613 0.551062 1.17282
0.388 1 0.966612 0.552259 1.17376
0.389 1 0.964685 0.553456 1.17469
0.39 1 0.962836 0.554652 1.1756
0.391 1 0.961068 0.555849 1.1765
0.392 1 0.959384 0.557045 1.1774
0.393 1 0.957788 0.558241 1.17828
0.394 1 0.956282 0.559437 1.17915
0.395 1 0.954868 0.560632 1.18
0.396 1 0.953551 0.561828 1.18085
0.397 1 0.952331 0.563023 1.18169
0.398 1 0.95121 0.564218 1.18251
0.399 1 0.950192 0.565413 1.18333
0.4 1 0.949277 0.566608 1.18413
0.401 1 0.948466 0.567802 1.18492
0.402 1 0.947762 0.568996 1.1857
0.403 1 0.947165 0.57019 1.18647
0.404 1 0.946677 0.571384 1.18723
0.405 1 0.946297 0.572578 1.18797
0.406 1 0.946026 0.573771 1.18871
0.407 1 0.945865 0.574965 1.18943
0.408 1 0.945813 0.576158 1.19014
0.409 1 0.94587 0.577351 1.19084
0.41 1 0.946037 0.578544 1.19154
0.411 1 0.946311 0.579736 1.19221
0.412 1 0.946692 0.580928 1.19288
0.413 1 0.94718 0.58212 1.19354
0.414 1 0.947772 0.583312 1.19419
0.415 1 0.948468 0.584504 1.19482
0.416 1 0.949266 0.585696 1.19544
0.417 1 0.950163 0.586887 1.19606
0.418 1 0.951158 0.588078 1.19666
0.419 1 0.952249 0.589269 1.19725
0.42 1 0.953433 0.59046 1.19783
0.421 1 0.954706 0.59165 1.19839
0.422 1 0.956068 0.592841 1.19895
0.423 1 0.957514 0.594031 1.1995
0.424 1 0.959041 0.595221 1.20003
0.425 1 0.960646 0.596411 1.20055
0.426 1 0.962326 0.5976 1.20107
0.427 1 0.964076 0.59879 1.20157
0.428 1 0.965894 0.599979 1.20206
0.429 1 0.967775 0.601168 1.20254
0.43 1 0.969716 0.602357 1.203
0.431 1 0.971711 0.603545 1.20346
0.432 1 0.973758 0.604734 1.20391
0.433 1 0.975851 0.605922 1.20434
0.434 1 0.977986 0.60711 1.20477
0.435 1 0.980159 0.608298 1.20518
0.436 1 0.982365 0.609486 1.20558
0.437 1 0.9846 0.610673 1.20597
0.438 1 0.986858 0.61186 1.20635
0.439 1 0.989136 0.613047 1.20672
0.44 1 0.991428 0.614234 1.20708
0.441 1 0.993729 0.615421 1.20742
0.442 1 0.996036 0.616607 1.20776
0.443 1 0.998342 0.617794 1.20809
0.444 1 1.00064 0.61898 1.2084
0.445 1 1.00294 0.620166 1.2087
0.446 1 1.00521 0.621351 1.20899
0.447 1 1.00747 0.622537 1.20928
0.448 1 1.00971 0.623722 1.20955
0.449 1 1.01192 0.624907 1.20981
0.45 1 1.01409 0.626092 1.21006
0.451 1 1.01623 0.627277 1.21029
0.452 1 1.01832 0.628461 1.21052
0.453 1 1.02037 0.629646 1.21074
0.454 1 1.02237 0.63083 1.21094
0.455 1 1.02432 0.632014 1.21114
0.456 1 1.02621 0.633197 1.21132
0.457 1 1.02803 0.634381 1.21149
0.458 1 1.02979 0.635564 1.21166
0.459 1 1.03149 0.636747 1.21181
0.46 1 1.0331 0.63793 1.21195
0.461 1 1.03465 0.639113 1.21208
0.462 1 1.03611 0.640296 1.2122
0.463 1 1.03749 0.641478 1.21231
0.464 1 1.03879 0.64266 1.21241
0.465 1 1.04 0.643842 1.21249
0.466 1 1.04112 0.645024 1.21257
0.467 1 1.04215 0.646206 1.21264
0.468 1 1.04308 0.647387 1.21269
0.469 1 1.04392 0.648568 1.21274
0.47 1 1.04466 0.649749 1.21277
0.471 1 1.0453 0.65093 1.2128
0.472 1 1.04585 0.652111 1.21281
0.473 1 1.04629 0.653291 1.21282
0.474 1 1.04663 0.654471 1.21281
0.475 1 1.04687 0.655651 1.21279
0.476 1 1.04701 0.656831 1.21276
0.477 1 1.04704 0.658011 1.21272
0.478 1 1.04697 0.65919 1.21267
0.479 1 1.0468 0.66037 1.21262
0.48 1 1.04653 0.661549 1.21255
0.481 1 1.04616 0.662727 1.21247
0.482 1 1.04569 0.663906 1.21237
0.483 1 1.04512 0.665085 1.21227
0.484 1 1.04446 0.666263 1.21216
0.485 1 1.04369 0.667441 1.21204
0.486 1 1.04284 0.668619 1.21191
0.487 1 1.04189 0.669797 1.21177
0.488 1 1.04086 0.670974 1.21162
0.489 1 1.03974 0.672151 1.21145
0.49 1 1.03853 0.673328 1.21128
0.491 1 1.03724 0.674505 1.2111
0.492 1 1.03588 0.675682 1.21091
0.493 1 1.03444 0.676859 1.2107
0.494 1 1.03292 0.678035 1.21049
0.495 1 1.03134 0.679211 1.21027
0.496 1 1.02969 0.680387 1.21004
0.497 1 1.02799 0.681563 1.20979
0.498 1 1.02622 0.682738 1.20954
0.499 1 1.02441 0.683914 1.20928
0.5 1 1.02254 0.685089 1.209
0.501 1 1.02063 0.686264 1.20872
0.502 1 1.01868 0.687438 1.20843
0.503 1 1.01669 0.688613 1.20813
0.504 1 1.01467 0.689787 1.20781
0.505 1 1.01262 0.690962 1.20749
0.506 1 1.01055 0.692136 1.20716
0.507 1 1.00847 0.693309 1.20682
0.508 1 1.00637 0.694483 1.20647
0.509 1 1.00426 0.695656 1.20611
0.51 1 1.00215 0.69683 1.20574
0.511 1 1.00004 0.698003 1.20536
0.512 1 0.997936 0.699175 1.20497
0.513 1 0.995843 0.700348 1.20457
0.514 1 0.993765 0.70152 1.20416
0.515 1 0.991708 0.702693 1.20374
0.516 1 0.989676 0.703865 1.20331
0.517 1 0.987673 0.705036 1.20287
0.518 1 0.985704 0.706208 1.20243
0.519 1 0.983773 0.70738 1.20197
0.52 1 0.981885 0.708551 1.2015
0.521 1 0.980045 0.709722 1.20103
0.522 1 0.978255 0.710893 1.20054
0.523 1 0.97652 0.712063 1.20005
0.524 1 0.974845 0.713234 1.19955
0.525 1 0.973232 0.714404 1.19903
0.526 1 0.971686 0.715574 1.19851
0.527 1 0.97021 0.716744 1.19798
0.528 1 0.968807 0.717914 1.19744
0.529 1 0.967481 0.719083 1.19689
0.53 1 0.966234 0.720253 1.19634
0.531 1 0.965069 0.721422 1.19577
0.532 1 0.963989 0.722591 1.19519
0.533 1 0.962996 0.723759 1.19461
0.534 1 0.962093 0.724928 1.19401
0.535 1 0.961281 0.726096 1.19341
0.536 1 0.960562 0.727264 1.1928
0.537 1 0.959938 0.728432 1.19218
0.538 1 0.95941 0.7296 1.19155
0.539 1 0.958979 0.730768 1.19091
0.54 1 0.958646 0.731935 1.19026
0.541 1 0.958413 0.733102 1.18961
0.542 1 0.958278 0.734269 1.18894
0.543 1 0.958243 0.735436 1.18827
0.544 1 0.958308 0.736602 1.18759
0.545 1 0.958471 0.737769 1.1869
0.546 1 0.958733 0.738935 1.1862
0.547 1 0.959094 0.740101 1.18549
0.548 1 0.959551 0.741267 1.18478
0.549 1 0.960104 0.742432 1.18405
0.55 1 0.960751 0.743598 1.18332
0.551 1 0.961491 0.744763 1.18258
0.552 1 0.962322 0.745928 1.18183
0.553 1 0.963242 0.747093 1.18107
0.554 1 0.964248 0.748257 1.18031
0.555 1 0.965338 0.749422 1.17953
0.556 1 0.966509 0.750586 1.17875
0.557 1 0.967759 0.75175 1.17796
0.558 1 0.969084 0.752914 1.17716
0.559 1 0.970481 0.754077 1.17635
0.56 1 0.971947 0.755241 1.17554
0.561 1 0.973477 0.756404 1.17472
0.562 1 0.975069 0.757567 1.17389
0.563 1 0.976718 0.75873 1.17305
0.564 1 0.97842 0.759893 1.1722
0.565 1 0.98017 0.761055 1.17135
0.566 1 0.981966 0.762217 1.17049
0.567 1 0.983801 0.76338 1.16962
0.568 1 0.985672 0.764541 1.16874
0.569 1 0.987574 0.765703 1.16786
0.57 1 0.989502 0.766865 1.16697
0.571 1 0.991452 0.768026 1.16607
0.572 1 0.993418 0.769187 1.16516
0.573 1 0.995396 0.770348 1.16425
0.574 1 0.997381 0.771509 1.16332
0.575 1 0.999367 0.772669 1.1624
0.576 1 1.00135 0.773829 1.16146
0.577 1 1.00333 0.77499 1.16052
0.578 1 1.00529 0.77615 1.15956
0.579 1 1.00723 0.777309 1.15861
0.58 1 1.00915 0.778469 1.15764
0.581 1 1.01105 0.779628 1.15667
0.582 1 1.01291 0.780787 1.15569
0.583 1 1.01473 0.781946 1.1547
0.584 1 1.01652 0.783105 1.15371
0.585 1 1.01825 0.784264 1.15271
0.586 1 1.01994 0.785422 1.1517
0.587 1 1.02157 0.78658 1.15069
0.588 1 1.02314 0.787738 1.14967
0.589 1 1.02465 0.788896 1.14864
0.59 1 1.0261 0.790054 1.14761
0.591 1 1.02747 0.791211 1.14657
0.592 1 1.02877 0.792368 1.14552
0.593 1 1.02999 0.793525 1.14446
0.594 1 1.03113 0.794682 1.1434
0.595 1 1.03219 0.795839 1.14234
0.596 1 1.03316 0.796995 1.14127
0.597 1 1.03404 0.798151 1.14019
0.598 1 1.03483 0.799307 1.1391
0.599 1 1.03553 0.800463 1.13801
0.6 1 1.03614 0.801619 1.13691
0.601 1 1.03665 0.802774 1.13581
0.602 1 1.03706 0.803929 1.1347
0.603 1 1.03737 0.805084 1.13358
0.604 1 1.03759 0.806239 1.13246
0.605 1 1.0377 0.807394 1.13133
0.606 1 1.03772 0.808548 1.1302
0.607 1 1.03763 0.809703 1.12906
0.608 1 1.03744 0.810857 1.12791
0.609 1 1.03716 0.812011 1.12676
0.61 1 1.03678 0.813164 1.12561
0.611 1 1.0363 0.814318 1.12444
0.612 1 1.03572 0.815471 1.12328
0.613 1 1.03505 0.816624 1.1221
0.614 1 1.03428 0.817777 1.12093
0.615 1 1.03343 0.81893 1.11974
0.616 1 1.03249 0.820082 1.11855
0.617 1 1.03146 0.821235 1.11736
0.618 1 1.03034 0.822387 1.11616
0.619 1 1.02915 0.823539 1.11496
0.62 1 1.02788 0.824691 1.11375
0.621 1 1.02654 0.825842 1.11253
0.622 1 1.02513 0.826993 1.11131
0.623 1 1.02365 0.828145 1.11009
0.624 1 1.02211 0.829296 1.10886
0.625 1 1.02051 0.830446 1.10763
0.626 1 1.01886 0.831597 1.10639
0.627 1 1.01716 0.832747 1.10514
0.628 1 1.01541 0.833897 1.1039
0.629 1 1.01363 0.835047 1.10264
0.63 1 1.01181 0.836197 1.10139
0.631 1 1.00996 0.837347 1.10013
0.632 1 1.00809 0.838496 1.09886
0.633 1 1.0062 0.839645 1.09759
0.634 1 1.00429 0.840794 1.09632
0.635 1 1.00238 0.841943 1.09504
0.636 1 1.00046 0.843092 1.09376
0.637 1 0.998551 0.84424 1.09247
0.638 1 0.996644 0.845388 1.09118
0.639 1 0.994751 0.846536 1.08989
0.64 1 0.992876 0.847684 1.08859
0.641 1 0.991025 0.848832 1.08729
0.642 1 0.989203 0.849979 1.08598
0.643 1 0.987415 0.851127 1.08467
0.644 1 0.985667 0.852274 1.08336
0.645 1 0.983962 0.853421 1.08204
0.646 1 0.982307 0.854567 1.08072
0.647 1 0.980705 0.855714 1.0794
0.648 1 0.979163 0.85686 1.07807
0.649 1 0.977683 0.858006 1.07675
0.65 1 0.976271 0.859152 1.07541
0.651 1 0.97493 0.860298 1.07408
0.652 1 0.973664 0.861443 1.07274
0.653 1 0.972477 0.862588 1.0714
0.654 1 0.971373 0.863734 1.07005
0.655 1 0.970355 0.864878 1.0687
0.656 1 0.969426 0.866023 1.06735
0.657 1 0.968589 0.867168 1.066
0.658 1 0.967845 0.868312 1.06465
0.659 1 0.967198 0.869456 1.06329
0.66 1 0.96665 0.8706 1.06193
0.661 1 0.966201 0.871744 1.06056
0.662 1 0.965854 0.872887 1.0592
0.663 1 0.96561 0.874031 1.05783
0.664 1 0.965469 0.875174 1.05646
0.665 1 0.965432 0.876317 1.05509
0.666 1 0.965499 0.87746 1.05372
0.667 1 0.96567 0.878602 1.05234
0.668 1 0.965944 0.879745 1.05096
0.669 1 0.966321 0.880887 1.04958
0.67 1 0.9668 0.882029 1.0482
0.671 1 0.967379 0.88317 1.04682
0.672 1 0.968057 0.884312 1.04543
0.673 1 0.968832 0.885453 1.04405
0.674 1 0.969701 0.886595 1.04266
0.675 1 0.970662 0.887736 1.04127
0.676 1 0.971712 0.888876 1.03988
0.677 1 0.972847 0.890017 1.03849
0.678 1 0.974065 0.891158 1.0371
0.679 1 0.975362 0.892298 1.0357
0.68 1 0.976734 0.893438 1.03431
0.681 1 0.978176 0.894578 1.03291
0.682 1 0.979684 0.895717 1.03152
0.683 1 0.981253 0.896857 1.03012
0.684 1 0.98288 0.897996 1.02872
0.685 1 0.984558 0.899135 1.02732
0.686 1 0.986282 0.900274 1.02592
0.687 1 0.988048 0.901413 1.02452
0.688 1 0.989848 0.902551 1.02312
0.689 1 0.991679 0.903689 1.02172
0.69 1 0.993534 0.904827 1.02032
0.691 1 0.995406 0.905965 1.01892
0.692 1 0.997291 0.907103 1.01752
0.693 1 0.999182 0.90824 1.01612
0.694 1 1.00107 0.909378 1.01472
0.695 1 1.00296 0.910515 1.01332
0.696 1 1.00483 0.911652 1.01192
0.697 1 1.00668 0.912788 1.01052
0.698 1 1.00851 0.913925 1.00912
0.699 1 1.01031 0.915061 1.00772
0.7 1 1.01208 0.916197 1.00632
0.701 1 1.0138 0.917333 1.00493
0.702 1 1.01547 0.918469 1.00353
0.703 1 1.01709 0.919605 1.00213
0.704 1 1.01865 0.92074 1.00074
0.705 1 1.02015 0.921875 0.999345
0.706 1 1.02158 0.92301 0.997953
0.707 1 1.02293 0.924145 0.996561
0.708 1 1.02421 0.925279 0.995171
0.709 1 1.0254 0.926414 0.993783
0.71 1 1.02651 0.927548 0.992395
0.711 1 1.02752 0.928682 0.99101
0.712 1 1.02844 0.929816 0.989626
0.713 1 1.02926 0.930949 0.988243
0.714 1 1.02998 0.932083 0.986863
0.715 1 1.0306 0.933216 0.985485
0.716 1 1.03111 0.934349 0.984108
0.717 1 1.03151 0.935482 0.982734
0.718 1 1.03181 0.936614 0.981361
0.719 1 1.03199 0.937747 0.979991
0.72 1 1.03206 0.938879 0.978624
0.721 1 1.03202 0.940011 0.977259
0.722 1 1.03187 0.941143 0.975896
0.723 1 1.03161 0.942275 0.974536
0.724 1 1.03124 0.943406 0.973179
0.725 1 1.03075 0.944537 0.971825
0.726 1 1.03016 0.945668 0.970473
0.727 1 1.02946 0.946799 0.969125
0.728 1 1.02866 0.94793 0.967779
0.729 1 1.02775 0.94906 0.966437
0.73 1 1.02675 0.950191 0.965099
0.731 1 1.02565 0.951321 0.963763
0.732 1 1.02446 0.952451 0.962431
0.733 1 1.02319 0.95358 0.961103
0.734 1 1.02183 0.95471 0.959778
0.735 1 1.02039 0.955839 0.958457
0.736 1 1.01888 0.956968 0.95714
0.737 1 1.0173 0.958097 0.955827
0.738 1 1.01566 0.959226 0.954518
0.739 1 1.01397 0.960354 0.953214
0.74 1 1.01222 0.961483 0.951913
0.741 1 1.01043 0.962611 0.950617
0.742 1 1.0086 0.963739 0.949325
0.743 1 1.00674 0.964866 0.948038
0.744 1 1.00486 0.965994 0.946756
0.745 1 1.00296 0.967121 0.945478
0.746 1 1.00106 0.968248 0.944205
0.747 1 0.999147 0.969375 0.942937
0.748 1 0.997242 0.970502 0.941674
0.749 1 0.995348 0.971629 0.940417
0.75 1 0.993475 0.972755 0.939164
0.751 1 0.991627 0.973881 0.937917
0.752 1 0.989814 0.975007 0.936676
0.753 1 0.988041 0.976133 0.93544
0.754 1 0.986316 0.977259 0.93421
0.755 1 0.984646 0.978384 0.932985
0.756 1 0.983037 0.979509 0.931767
0.757 1 0.981495 0.980634 0.930554
0.758 1 0.980028 0.981759 0.929347
0.759 1 0.97864 0.982884 0.928147
0.76 1 0.977338 0.984008 0.926953
0.761 1 0.976127 0.985132 0.925766
0.762 1 0.975012 0.986256 0.924584
0.763 1 0.973997 0.98738 0.92341
0.764 1 0.973088 0.988504 0.922242
0.765 1 0.972288 0.989627 0.921081
0.766 1 0.971601 0.990751 0.919928
0.767 1 0.971029 0.991874 0.918781
0.768 1 0.970576 0.992996 0.917641
0.769 1 0.970244 0.994119 0.916509
0.77 1 0.970034 0.995242 0.915384
0.771 1 0.969948 0.996364 0.914266
0.772 1 0.969986 0.997486 0.913156
0.773 1 0.970149 0.998608 0.912054
0.774 1 0.970436 0.999729 0.91096
0.775 1 0.970848 1.00085 0.909873
0.776 1 0.971381 1.00197 0.908795
0.777 1 0.972035 1.00309 0.907725
0.778 1 0.972807 1.00421 0.906663
0.779 1 0.973695 1.00534 0.905609
0.78 1 0.974694 1.00646 0.904564
0.781 1 0.975802 1.00758 0.903528
0.782 1 0.977013 1.0087 0.9025
0.783 1 0.978323 1.00982 0.901481
0.784 1 0.979726 1.01094 0.900471
0.785 1 0.981218 1.01206 0.899471
0.786 1 0.982791 1.01317 0.898479
0.787 1 0.984439 1.01429 0.897497
0.788 1 0.986155 1.01541 0.896524
0.789 1 0.987932 1.01653 0.89556
0.79 1 0.989762 1.01765 0.894607
0.791 1 0.991637 1.01877 0.893663
0.792 1 0.993549 1.01989 0.892729
0.793 1 0.99549 1.021 0.891805
0.794 1 0.99745 1.02212 0.890891
0.795 1 0.999422 1.02324 0.889987
0.796 1 1.0014 1.02436 0.889094
0.797 1 1.00336 1.02547 0.888211
0.798 1 1.00531 1.02659 0.887339
0.799 1 1.00724 1.02771 0.886478
0.8 1 1.00913 1.02882 0.885627
0.801 1 1.01098 1.02994 0.884788
0.802 1 1.01278 1.03106 0.883959
0.803 1 1.01452 1.03217 0.883142
0.804 1 1.01618 1.03329 0.882336
0.805 1 1.01778 1.03441 0.881541
0.806 1 1.01928 1.03552 0.880758
0.807 1 1.0207 1.03664 0.879987
0.808 1 1.02201 1.03775 0.879228
0.809 1 1.02322 1.03887 0.87848
0.81 1 1.02431 1.03998 0.877745
0.811 1 1.02529 1.04109 0.877022
0.812 1 1.02614 1.04221 0.876311
0.813 1 1.02686 1.04332 0.875613
0.814 1 1.02745 1.04444 0.874927
0.815 1 1.02791 1.04555 0.874254
0.816 1 1.02822 1.04666 0.873594
0.817 1 1.02839 1.04778 0.872947
0.818 1 1.02842 1.04889 0.872313
0.819 1 1.02831 1.05 0.871692
0.82 1 1.02805 1.05112 0.871084
0.821 1 1.02764 1.05223 0.87049
0.822 1 1.0271 1.05334 0.86991
0.823 1 1.02641 1.05445 0.869343
0.824 1 1.02559 1.05557 0.86879
0.825 1 1.02463 1.05668 0.868251
0.826 1 1.02354 1.05779 0.867727
0.827 1 1.02233 1.0589 0.867216
0.828 1 1.021 1.06001 0.86672
0.829 1 1.01955 1.06112 0.866239
0.83 1 1.018 1.06223 0.865772
0.831 1 1.01635 1.06334 0.86532
0.832 1 1.01462 1.06445 0.864883
0.833 1 1.0128 1.06556 0.864461
0.834 1 1.01091 1.06667 0.864055
0.835 1 1.00896 1.06778 0.863663
0.836 1 1.00696 1.06889 0.863287
0.837 1 1.00492 1.07 0.862927
0.838 1 1.00285 1.07111 0.862582
0.839 1 1.00076 1.07222 0.862254
0.84 1 0.998673 1.07333 0.861941
0.841 1 0.996588 1.07444 0.861645
0.842 1 0.994521 1.07555 0.861364
0.843 1 0.992484 1.07665 0.861101
0.844 1 0.99049 1.07776 0.860853
0.845 1 0.98855 1.07887 0.860623
0.846 1 0.986676 1.07998 0.860409
0.847 1 0.984879 1.08109 0.860213
0.848 1 0.983171 1.08219 0.860033
0.849 1 0.981562 1.0833 0.859871
0.85 1 0.980063 1.08441 0.859726
0.851 1 0.978684 1.08551 0.859599
0.852 1 0.977433 1.08662 0.85949
0.853 1 0.976319 1.08773 0.859398
0.854 1 0.97535 1.08883 0.859324
0.855 1 0.974534 1.08994 0.859269
0.856 1 0.973875 1.09104 0.859232
0.857 1 0.973381 1.09215 0.859213
0.858 1 0.973054 1.09325 0.859213
0.859 1 0.972898 1.09436 0.859231
0.86 1 0.972916 1.09546 0.859268
0.861 1 0.973109 1.09657 0.859325
0.862 1 0.973477 1.09767 0.8594
0.863 1 0.974018 1.09878 0.859495
0.864 1 0.974731 1.09988 0.859609
0.865 1 0.975613 1.10099 0.859743
0.866 1 0.976658 1.10209 0.859896
0.867 1 0.977861 1.10319 0.86007
0.868 1 0.979216 1.1043 0.860263
0.869 1 0.980714 1.1054 0.860477
0.87 1 0.982347 1.1065 0.860711
0.871 1 0.984104 1.10761 0.860965
0.872 1 0.985974 1.10871 0.861241
0.873 1 0.987945 1.10981 0.861536
0.874 1 0.990004 1.11091 0.861853
0.875 1 0.992137 1.11202 0.862191
0.876 1 0.99433 1.11312 0.862551
0.877 1 0.996567 1.11422 0.862931
0.878 1 0.998833 1.11532 0.863333
0.879 1 1.00111 1.11642 0.863757
0.88 1 1.00339 1.11752 0.864203
0.881 1 1.00564 1.11862 0.864671
0.882 1 1.00785 1.11972 0.86516
0.883 1 1.01001 1.12082 0.865673
0.884 1 1.0121 1.12192 0.866207
0.885 1 1.01409 1.12302 0.866765
0.886 1 1.01599 1.12412 0.867345
0.887 1 1.01776 1.12522 0.867948
0.888 1 1.01939 1.12632 0.868574
0.889 1 1.02087 1.12742 0.869224
0.89 1 1.02219 1.12852 0.869897
0.891 1 1.02334 1.12962 0.870593
0.892 1 1.02429 1.13072 0.871313
0.893 1 1.02505 1.13182 0.872058
0.894 1 1.0256 1.13292 0.872826
0.895 1 1.02594 1.13401 0.873618
0.896 1 1.02606 1.13511 0.874435
0.897 1 1.02595 1.13621 0.875277
0.898 1 1.02563 1.13731 0.876143
0.899 1 1.02508 1.1384 0.877034
0.9 1 1.02431 1.1395 0.87795
0.901 1 1.02332 1.1406 0.878891
0.902 1 1.02212 1.14169 0.879857
0.903 1 1.02072 1.14279 0.88085
0.904 1 1.01913 1.14389 0.881867
0.905 1 1.01735 1.14498 0.882911
0.906 1 1.01541 1.14608 0.883981
0.907 1 1.01332 1.14718 0.885077
0.908 1 1.0111 1.14827 0.886199
0.909 1 1.00876 1.14937 0.887348
0.91 1 1.00633 1.15046 0.888523
0.911 1 1.00384 1.15156 0.889725
0.912 1 1.00129 1.15265 0.890955
0.913 1 0.998725 1.15375 0.892211
0.914 1 0.996164 1.15484 0.893495
0.915 1 0.993633 1.15593 0.894807
0.916 1 0.991159 1.15703 0.896146
0.917 1 0.988768 1.15812 0.897513
0.918 1 0.986488 1.15922 0.898908
0.919 1 0.984343 1.16031 0.900331
0.92 1 0.982359 1.1614 0.901783
0.921 1 0.980561 1.1625 0.903263
0.922 1 0.978972 1.16359 0.904772
0.923 1 0.977611 1.16468 0.90631
0.924 1 0.9765 1.16577 0.907877
0.925 1 0.975654 1.16687 0.909473
0.926 1 0.975088 1.16796 0.911099
0.927 1 0.974813 1.16905 0.912754
0.928 1 0.974839 1.17014 0.91444
0.929 1 0.975169 1.17123 0.916155
0.93 1 0.975806 1.17232 0.9179
0.931 1 0.976748 1.17341 0.919675
0.932 1 0.977987 1.17451 0.921481
0.933 1 0.979515 1.1756 0.923318
0.934 1 0.981317 1.17669 0.925186
0.935 1 0.983375 1.17778 0.927084
0.936 1 0.985666 1.17887 0.929014
0.937 1 0.988164 1.17996 0.930975
0.938 1 0.99084 1.18105 0.932968
0.939 1 0.993659 1.18214 0.934992
0.94 1 0.996585 1.18323 0.937048
0.941 1 0.999578 1.18431 0.939137
0.942 1 1.0026 1.1854 0.941258
0.943 1 1.00559 1.18649 0.943411
0.944 1 1.00853 1.18758 0.945597
0.945 1 1.01135 1.18867 0.947816
0.946 1 1.01401 1.18976 0.950067
0.947 1 1.01646 1.19085 0.952352
0.948 1 1.01866 1.19193 0.954671
0.949 1 1.02057 1.19302 0.957023
0.95 1 1.02215 1.19411 0.959408
0.951 1 1.02335 1.19519 0.961828
0.952 1 1.02416 1.19628 0.964282
0.953 1 1.02453 1.19737 0.96677
0.954 1 1.02446 1.19846 0.969293
0.955 1 1.02393 1.19954 0.97185
0.956 1 1.02293 1.20063 0.974442
0.957 1 1.02148 1.20171 0.97707
0.958 1 1.01958 1.2028 0.979732
0.959 1 1.01727 1.20389 0.98243
0.96 1 1.01457 1.20497 0.985164
0.961 1 1.01153 1.20606 0.987934
0.962 1 1.0082 1.20714 0.990739
0.963 1 1.00465 1.20823 0.993581
0.964 1 1.00095 1.20931 0.996459
0.965 1 0.997188 1.21039 0.999374
0.966 1 0.993449 1.21148 1.00233
0.967 1 0.989829 1.21256 1.00531
0.968 1 0.986427 1.21365 1.00834
0.969 1 0.983343 1.21473 1.0114
0.97 1 0.980677 1.21581 1.0145
0.971 1 0.978524 1.2169 1.01764
0.972 1 0.976974 1.21798 1.02082
0.973 1 0.976105 1.21906 1.02403
0.974 1 0.975979 1.22015 1.02729
0.975 1 0.976642 1.22123 1.03058
0.976 1 0.978117 1.22231 1.03391
0.977 1 0.980399 1.22339 1.03728
0.978 1 0.983455 1.22447 1.04069
0.979 1 0.987217 1.22556 1.04413
0.98 1 0.991581 1.22664 1.04762
0.981 1 0.996404 1.22772 1.05115
0.982 1 1.0015 1.2288 1.05472
0.983 1 1.00666 1.22988 1.05832
0.984 1 1.01163 1.23096 1.06197
0.985 1 1.01611 1.23204 1.06566
0.986 1 1.01982 1.23312 1.06939
0.987 1 1.02243 1.2342 1.07316
0.988 1 1.02366 1.23528 1.07697
0.989 1 1.02325 1.23636 1.08082
0.99 1 1.02101 1.23744 1.08472
0.991 1 1.01685 1.23852 1.08865
0.992 1 1.01086 1.2396 1.09263
0.993 1 1.00333 1.24068 1.09665
0.994 1 0.994879 1.24176 1.10071
0.995 1 0.986484 1.24284 1.10482
0.996 1 0.979645 1.24391 1.10897
0.997 1 0.97649 1.24499 1.11316
0.998 1 0.979941 1.24607 1.11739
0.999 1 0.993897 1.24715 1.12167
1 1 1.02346 1.24823 1.12599
